      1795           1
        1796           2
        1797           3
        1798           4
        1799           5
        1800           6
        1801           7
        1802           8
        1803           9
        1804          10
        1805          11
        1806          12
        1807          13
        1808          14
        1809          15
        1810          16
        1811          17
        1812          18
        1813          19
        1814          20
        1815          21
        1816          22
        1817          23
        1818          24
        1819          25
        1820          26
        1821          27
        1822          28
        1823          29
        1824          30
        1825          31
        1826          32
        1827          33
        1828          34
    %    1829          35
        1829          36
        1830          37
        1831          38
        1832          39
        1833          40
        1834          41
        1835          42
        1836          43
        1837          44
        1838          45
        1839          46
        1840          47
        1841          48
        1842          49
        1843          50
        1844          51
        1845          52
        1846          53
        1847          54
        1848          55
        1849          56
        1850          57
        1851          58
        1852          59
        1853          60
        1854          61
        1855          62
        1856          63
        1857          64
        1858          65
        1859          66
        1860          67
        1861          68
        1862          69
        1863          70
        1864          71
        1865          72
        1866          73
        1867          74
        1868          75
        1869          76
        1870          77
        1871          78
        1872          79
        1873          80
        1874          81
        1875          82
        1876          83
        1877          84
        1878          85
        1879          86
        1880          87
        1881          88
        1882          89
        1883          90
        1884          91
        1885          92
        1886          93
        1887          94
        1888          95
        1889          96
        1890          97
        1891          98
        1892          99
        1893         100
        1894         101
