;PC Software:StarLab Version 3.72 Build 3
! ******* Warning: Do not modify this file. Changes may prevent   ********
! ******* the StarLab Log reader from opening the file correctly. ********
;Logged:20/01/2023 at 15:44:57
;File Version:5
;Time Resolution:1 microseconds
;Graph Mode:Merge
;Graph Type:Line
;Notes:                                                            

;Channel A:Vega Pyroelectric PE9-ES-C (s/n:835971)  VG2.54 (s/n:547613)

;Channel A:Details
;Name:PE9-ES-C
;Graph Color:RGB(14,104,168)
;Units:J
;Settings:Measuring:Energy
;Settings:Wavelength:196
;Settings:Range:20.0uJ
;Settings:Diffuser:N/A
;Settings:Pulse Width:1.0us
;Settings:Threshold:Min

;Channel A:Statistics
;Min:1.150uJ             
;Max:2.780uJ             
;Average:1.671uJ             
;Std.Dev.:330.4nJ             
;Overrange:0                   
;Total Pulses:563                 
;--------------------


;First Pulse Arrived : 20/01/2023 at 15:44:59
  Timestamp   	  Channel A  	
         0.000	  1.200e-06 	
         0.020	  1.710e-06 	
         0.221	  1.660e-06 	
         0.299	  1.230e-06 	
         0.361	  1.580e-06 	
         0.459	  1.750e-06 	
         0.481	  1.520e-06 	
         0.521	  1.860e-06 	
         0.661	  1.650e-06 	
         0.701	  2.220e-06 	
         0.780	  1.970e-06 	
         0.840	  1.850e-06 	
         0.861	  1.390e-06 	
         0.900	  1.830e-06 	
         0.940	  1.820e-06 	
         1.059	  1.980e-06 	
         1.080	  1.430e-06 	
         1.201	  1.500e-06 	
         1.300	  1.800e-06 	
         1.360	  1.750e-06 	
         1.439	  2.480e-06 	
         1.460	  1.900e-06 	
         1.539	  1.250e-06 	
         1.580	  1.630e-06 	
         1.642	  2.500e-06 	
         1.679	  2.110e-06 	
         1.739	  1.340e-06 	
         1.761	  2.400e-06 	
         1.779	  2.780e-06 	
         1.801	  1.730e-06 	
         1.861	  1.440e-06 	
         1.880	  1.410e-06 	
         2.021	  2.140e-06 	
         2.040	  1.430e-06 	
         2.080	  1.910e-06 	
         2.180	  1.560e-06 	
         2.340	  1.350e-06 	
         2.360	  1.520e-06 	
         2.400	  1.460e-06 	
         2.420	  1.870e-06 	
         2.480	  2.000e-06 	
         2.521	  1.260e-06 	
         2.559	  1.430e-06 	
         2.601	  1.420e-06 	
         2.639	  2.120e-06 	
         2.721	  1.610e-06 	
         2.740	  1.660e-06 	
         2.803	  1.850e-06 	
         2.840	  2.040e-06 	
         2.961	  1.520e-06 	
         3.060	  1.200e-06 	
         3.121	  1.540e-06 	
         3.239	  1.570e-06 	
         3.261	  1.960e-06 	
         3.299	  1.980e-06 	
         3.320	  1.320e-06 	
         3.420	  2.270e-06 	
         3.437	  1.960e-06 	
         3.581	  2.380e-06 	
         3.639	  1.360e-06 	
         3.661	  1.650e-06 	
         3.681	  1.790e-06 	
         3.721	  1.910e-06 	
         3.759	  1.580e-06 	
         3.800	  2.010e-06 	
         3.901	  1.410e-06 	
         3.922	  2.110e-06 	
         3.940	  1.460e-06 	
         3.960	  1.270e-06 	
         4.000	  1.940e-06 	
         4.021	  1.550e-06 	
         4.039	  1.990e-06 	
         4.061	  1.700e-06 	
         4.081	  1.850e-06 	
         4.100	  1.580e-06 	
         4.120	  1.400e-06 	
         4.139	  1.480e-06 	
         4.221	  1.550e-06 	
         4.340	  1.650e-06 	
         4.361	  1.360e-06 	
         4.380	  1.410e-06 	
         4.422	  1.620e-06 	
         4.460	  1.350e-06 	
         4.481	  1.940e-06 	
         4.581	  1.550e-06 	
         4.600	  1.210e-06 	
         4.621	  1.760e-06 	
         4.661	  1.220e-06 	
         4.680	  1.500e-06 	
         4.699	  1.460e-06 	
         4.721	  1.360e-06 	
         4.761	  1.350e-06 	
         4.781	  1.410e-06 	
         4.800	  1.770e-06 	
         4.839	  1.360e-06 	
         4.859	  1.540e-06 	
         4.881	  1.580e-06 	
         4.899	  2.170e-06 	
         4.959	  1.830e-06 	
         5.000	  1.440e-06 	
         5.182	  2.010e-06 	
         5.200	  2.040e-06 	
         5.260	  1.400e-06 	
         5.300	  1.390e-06 	
         5.399	  1.370e-06 	
         5.422	  1.800e-06 	
         5.481	  2.390e-06 	
         5.601	  1.870e-06 	
         5.681	  1.660e-06 	
         5.721	  1.720e-06 	
         5.760	  1.770e-06 	
         5.800	  1.440e-06 	
         5.900	  1.270e-06 	
         5.939	  1.250e-06 	
         5.960	  1.320e-06 	
         6.020	  1.490e-06 	
         6.101	  1.720e-06 	
         6.140	  1.340e-06 	
         6.182	  1.290e-06 	
         6.259	  1.760e-06 	
         6.379	  1.490e-06 	
         6.481	  1.290e-06 	
         6.599	  1.320e-06 	
         6.621	  1.580e-06 	
         6.799	  2.180e-06 	
         6.821	  2.480e-06 	
         6.840	  1.360e-06 	
         6.859	  1.690e-06 	
         6.881	  1.830e-06 	
         6.901	  1.830e-06 	
         6.960	  1.900e-06 	
         6.981	  1.360e-06 	
         7.059	  1.840e-06 	
         7.079	  1.770e-06 	
         7.159	  1.750e-06 	
         7.180	  1.470e-06 	
         7.201	  1.390e-06 	
         7.219	  1.420e-06 	
         7.239	  1.290e-06 	
         7.260	  1.270e-06 	
         7.283	  2.130e-06 	
         7.340	  1.270e-06 	
         7.360	  1.480e-06 	
         7.421	  1.330e-06 	
         7.440	  1.830e-06 	
         7.501	  1.550e-06 	
         7.539	  1.150e-06 	
         7.580	  1.300e-06 	
         7.620	  1.500e-06 	
         7.640	  2.070e-06 	
         7.660	  1.330e-06 	
         7.680	  1.630e-06 	
         7.740	  1.860e-06 	
         7.820	  2.270e-06 	
         7.859	  1.330e-06 	
         8.060	  1.840e-06 	
         8.099	  2.330e-06 	
         8.119	  1.960e-06 	
         8.320	  1.640e-06 	
         8.339	  1.410e-06 	
         8.361	  2.280e-06 	
         8.379	  1.490e-06 	
         8.421	  1.940e-06 	
         8.440	  1.760e-06 	
         8.500	  1.800e-06 	
         8.520	  1.850e-06 	
         8.540	  2.070e-06 	
         8.660	  1.720e-06 	
         8.680	  2.100e-06 	
         8.700	  1.790e-06 	
         8.737	  1.340e-06 	
         8.761	  1.640e-06 	
         8.880	  1.720e-06 	
         8.901	  1.790e-06 	
         8.999	  1.560e-06 	
         9.061	  1.330e-06 	
         9.201	  1.700e-06 	
         9.239	  1.700e-06 	
         9.260	  1.330e-06 	
         9.279	  1.330e-06 	
         9.300	  1.300e-06 	
         9.319	  1.360e-06 	
         9.339	  2.010e-06 	
         9.379	  1.270e-06 	
         9.401	  1.730e-06 	
         9.419	  1.920e-06 	
         9.439	  1.490e-06 	
         9.539	  1.570e-06 	
         9.621	  1.370e-06 	
         9.740	  2.040e-06 	
         9.760	  2.180e-06 	
         9.780	  1.660e-06 	
         9.859	  1.420e-06 	
         9.880	  1.500e-06 	
         9.900	  2.210e-06 	
         9.920	  1.840e-06 	
         9.940	  1.320e-06 	
        10.020	  1.230e-06 	
        10.040	  1.610e-06 	
        10.079	  1.250e-06 	
        10.100	  2.350e-06 	
        10.220	  2.470e-06 	
        10.260	  1.570e-06 	
        10.279	  2.580e-06 	
        10.300	  2.190e-06 	
        10.359	  2.120e-06 	
        10.380	  1.750e-06 	
        10.419	  1.320e-06 	
        10.579	  2.350e-06 	
        10.640	  2.120e-06 	
        10.702	  1.640e-06 	
        10.720	  1.500e-06 	
        10.740	  1.430e-06 	
        10.840	  1.930e-06 	
        10.861	  1.250e-06 	
        10.880	  2.600e-06 	
        10.940	  2.280e-06 	
        10.961	  1.280e-06 	
        10.980	  1.270e-06 	
        11.020	  1.360e-06 	
        11.100	  1.640e-06 	
        11.200	  2.420e-06 	
        11.320	  1.460e-06 	
        11.361	  1.590e-06 	
        11.439	  1.920e-06 	
        11.479	  1.330e-06 	
        11.501	  1.390e-06 	
        11.601	  1.210e-06 	
        11.620	  1.210e-06 	
        11.640	  1.250e-06 	
        11.659	  1.210e-06 	
        11.719	  2.080e-06 	
        11.759	  1.340e-06 	
        11.821	  1.630e-06 	
        11.840	  1.640e-06 	
        11.860	  1.690e-06 	
        11.879	  1.870e-06 	
        11.901	  1.840e-06 	
        11.940	  1.660e-06 	
        11.961	  1.470e-06 	
        11.980	  1.420e-06 	
        12.020	  1.680e-06 	
        12.040	  1.630e-06 	
        12.061	  1.870e-06 	
        12.201	  1.640e-06 	
        12.220	  2.100e-06 	
        12.339	  1.860e-06 	
        12.561	  2.310e-06 	
        12.580	  2.290e-06 	
        12.639	  1.520e-06 	
        12.660	  1.870e-06 	
        12.701	  1.580e-06 	
        12.720	  1.500e-06 	
        12.759	  1.550e-06 	
        12.820	  1.420e-06 	
        12.839	  1.330e-06 	
        12.860	  1.360e-06 	
        12.879	  1.860e-06 	
        12.940	  1.250e-06 	
        13.003	  2.150e-06 	
        13.020	  1.420e-06 	
        13.039	  2.190e-06 	
        13.099	  1.760e-06 	
        13.119	  1.570e-06 	
        13.140	  2.120e-06 	
        13.220	  1.260e-06 	
        13.239	  1.660e-06 	
        13.259	  1.930e-06 	
        13.361	  1.750e-06 	
        13.420	  2.360e-06 	
        13.460	  1.580e-06 	
        13.500	  1.990e-06 	
        13.520	  1.860e-06 	
        13.539	  1.690e-06 	
        13.561	  1.640e-06 	
        13.601	  1.350e-06 	
        13.620	  1.540e-06 	
        13.639	  1.510e-06 	
        13.661	  2.190e-06 	
        13.720	  1.470e-06 	
        13.739	  1.430e-06 	
        13.761	  2.180e-06 	
        13.780	  1.420e-06 	
        13.801	  1.540e-06 	
        13.837	  1.770e-06 	
        13.861	  1.970e-06 	
        13.879	  2.740e-06 	
        13.900	  1.770e-06 	
        13.939	  1.460e-06 	
        14.039	  1.980e-06 	
        14.060	  1.690e-06 	
        14.081	  1.430e-06 	
        14.120	  1.490e-06 	
        14.160	  1.640e-06 	
        14.460	  2.450e-06 	
        14.560	  1.400e-06 	
        14.620	  2.540e-06 	
        14.660	  1.370e-06 	
        14.680	  1.220e-06 	
        14.740	  1.850e-06 	
        14.801	  1.610e-06 	
        14.861	  1.560e-06 	
        14.881	  1.730e-06 	
        14.899	  1.870e-06 	
        14.920	  1.330e-06 	
        14.960	  1.260e-06 	
        14.999	  1.420e-06 	
        15.059	  1.850e-06 	
        15.139	  1.340e-06 	
        15.159	  1.250e-06 	
        15.180	  1.390e-06 	
        15.200	  1.650e-06 	
        15.363	  1.270e-06 	
        15.379	  2.110e-06 	
        15.399	  1.330e-06 	
        15.581	  2.190e-06 	
        15.639	  1.320e-06 	
        15.681	  1.410e-06 	
        15.721	  1.300e-06 	
        15.761	  1.720e-06 	
        15.820	  1.460e-06 	
        15.920	  2.140e-06 	
        15.959	  1.360e-06 	
        15.981	  1.730e-06 	
        16.000	  1.560e-06 	
        16.020	  1.340e-06 	
        16.039	  2.050e-06 	
        16.081	  1.500e-06 	
        16.139	  1.550e-06 	
        16.161	  2.010e-06 	
        16.220	  2.030e-06 	
        16.281	  1.750e-06 	
        16.320	  1.570e-06 	
        16.361	  2.170e-06 	
        16.420	  1.770e-06 	
        16.700	  1.490e-06 	
        16.739	  1.790e-06 	
        16.761	  1.510e-06 	
        16.800	  1.640e-06 	
        16.839	  1.750e-06 	
        16.861	  1.360e-06 	
        16.939	  1.330e-06 	
        16.961	  1.280e-06 	
        17.020	  1.610e-06 	
        17.061	  1.350e-06 	
        17.119	  1.710e-06 	
        17.161	  1.930e-06 	
        17.181	  1.360e-06 	
        17.220	  1.970e-06 	
        17.239	  1.430e-06 	
        17.261	  1.610e-06 	
        17.400	  1.410e-06 	
        17.562	  2.410e-06 	
        17.580	  1.550e-06 	
        17.639	  1.620e-06 	
        17.680	  1.400e-06 	
        17.700	  1.190e-06 	
        17.720	  1.190e-06 	
        17.739	  1.180e-06 	
        17.801	  1.230e-06 	
        17.940	  1.640e-06 	
        18.020	  2.040e-06 	
        18.060	  2.120e-06 	
        18.080	  1.250e-06 	
        18.099	  2.380e-06 	
        18.120	  1.860e-06 	
        18.180	  1.510e-06 	
        18.219	  1.250e-06 	
        18.380	  1.440e-06 	
        18.439	  1.840e-06 	
        18.460	  1.150e-06 	
        18.520	  2.200e-06 	
        18.559	  1.430e-06 	
        18.721	  2.490e-06 	
        18.737	  1.750e-06 	
        18.781	  1.550e-06 	
        18.819	  2.010e-06 	
        18.859	  1.970e-06 	
        18.937	  1.650e-06 	
        18.959	  1.340e-06 	
        18.999	  1.470e-06 	
        19.120	  1.360e-06 	
        19.220	  1.590e-06 	
        19.259	  1.760e-06 	
        19.281	  1.680e-06 	
        19.381	  1.340e-06 	
        19.420	  1.790e-06 	
        19.439	  1.890e-06 	
        19.481	  1.870e-06 	
        19.500	  1.990e-06 	
        19.520	  1.620e-06 	
        19.539	  1.440e-06 	
        19.559	  1.570e-06 	
        19.601	  2.040e-06 	
        19.620	  1.290e-06 	
        19.640	  1.920e-06 	
        19.660	  1.660e-06 	
        19.681	  1.830e-06 	
        19.740	  1.640e-06 	
        19.782	  1.440e-06 	
        19.840	  1.200e-06 	
        19.859	  1.260e-06 	
        19.879	  1.470e-06 	
        19.919	  2.430e-06 	
        19.959	  2.310e-06 	
        20.059	  1.570e-06 	
        20.100	  1.190e-06 	
        20.119	  1.790e-06 	
        20.159	  1.370e-06 	
        20.201	  1.340e-06 	
        20.219	  1.490e-06 	
        20.279	  1.750e-06 	
        20.339	  1.230e-06 	
        20.359	  1.940e-06 	
        20.379	  1.190e-06 	
        20.480	  2.290e-06 	
        20.559	  1.490e-06 	
        20.581	  1.550e-06 	
        20.600	  1.410e-06 	
        20.620	  1.320e-06 	
        20.659	  1.260e-06 	
        20.740	  1.750e-06 	
        20.761	  1.390e-06 	
        20.780	  2.140e-06 	
        20.800	  1.650e-06 	
        20.839	  1.620e-06 	
        20.860	  1.430e-06 	
        20.903	  1.480e-06 	
        20.920	  1.750e-06 	
        20.940	  1.470e-06 	
        20.961	  1.990e-06 	
        21.040	  2.000e-06 	
        21.061	  1.320e-06 	
        21.080	  1.650e-06 	
        21.137	  1.830e-06 	
        21.161	  1.480e-06 	
        21.180	  1.320e-06 	
        21.200	  1.320e-06 	
        21.239	  1.570e-06 	
        21.261	  1.340e-06 	
        21.379	  1.360e-06 	
        21.399	  1.370e-06 	
        21.440	  1.260e-06 	
        21.501	  1.830e-06 	
        21.620	  2.130e-06 	
        21.639	  2.350e-06 	
        21.919	  1.870e-06 	
        21.960	  2.040e-06 	
        22.021	  1.930e-06 	
        22.140	  1.550e-06 	
        22.179	  1.820e-06 	
        22.219	  2.150e-06 	
        22.279	  1.520e-06 	
        22.339	  1.410e-06 	
        22.361	  1.860e-06 	
        22.379	  2.650e-06 	
        22.419	  1.250e-06 	
        22.440	  1.410e-06 	
        22.480	  1.270e-06 	
        22.520	  1.480e-06 	
        22.540	  1.330e-06 	
        22.559	  1.320e-06 	
        22.720	  2.000e-06 	
        22.760	  1.690e-06 	
        22.959	  1.510e-06 	
        22.999	  2.130e-06 	
        23.059	  2.000e-06 	
        23.120	  1.620e-06 	
        23.162	  2.100e-06 	
        23.220	  1.780e-06 	
        23.260	  1.930e-06 	
        23.320	  2.050e-06 	
        23.340	  1.190e-06 	
        23.501	  1.580e-06 	
        23.520	  1.300e-06 	
        23.639	  1.910e-06 	
        23.680	  1.730e-06 	
        23.740	  1.630e-06 	
        23.800	  1.190e-06 	
        23.839	  2.000e-06 	
        23.861	  1.770e-06 	
        23.901	  1.400e-06 	
        23.939	  1.460e-06 	
        23.980	  1.830e-06 	
        24.020	  1.680e-06 	
        24.119	  1.750e-06 	
        24.200	  1.540e-06 	
        24.279	  1.320e-06 	
        24.320	  1.460e-06 	
        24.339	  1.490e-06 	
        24.379	  2.070e-06 	
        24.399	  2.180e-06 	
        24.419	  1.350e-06 	
        24.439	  2.220e-06 	
        24.461	  1.480e-06 	
        24.501	  1.820e-06 	
        24.540	  1.680e-06 	
        24.559	  1.890e-06 	
        24.620	  1.870e-06 	
        24.699	  2.330e-06 	
        24.780	  2.310e-06 	
        24.839	  2.490e-06 	
        24.860	  1.770e-06 	
        24.880	  1.690e-06 	
        24.899	  1.870e-06 	
        24.920	  1.980e-06 	
        24.939	  1.500e-06 	
        24.999	  1.390e-06 	
        25.020	  1.390e-06 	
        25.161	  1.520e-06 	
        25.220	  1.580e-06 	
        25.261	  1.350e-06 	
        25.299	  1.790e-06 	
        25.401	  1.620e-06 	
        25.442	  1.460e-06 	
        25.520	  1.960e-06 	
        25.540	  1.990e-06 	
        25.581	  1.690e-06 	
        25.681	  1.360e-06 	
        25.700	  2.130e-06 	
        25.720	  1.550e-06 	
        25.761	  1.870e-06 	
        25.920	  1.590e-06 	
        26.001	  1.480e-06 	
        26.039	  1.360e-06 	
        26.059	  2.000e-06 	
        26.080	  1.420e-06 	
        26.120	  2.270e-06 	
        26.181	  1.570e-06 	
        26.339	  2.180e-06 	
        26.461	  1.560e-06 	
        26.519	  1.430e-06 	
        26.582	  1.990e-06 	
        26.599	  1.890e-06 	
        26.619	  1.520e-06 	
        26.661	  1.610e-06 	
        26.680	  2.030e-06 	
        26.760	  1.540e-06 	
        26.781	  1.920e-06 	
        26.800	  1.460e-06 	
        26.820	  1.420e-06 	
        26.861	  1.900e-06 	
        26.881	  1.770e-06 	
        26.901	  1.360e-06 	
        26.939	  1.320e-06 	
        27.039	  1.300e-06 	
        27.061	  1.790e-06 	
        27.081	  2.010e-06 	
        27.120	  1.440e-06 	
        27.139	  1.660e-06 	
        27.361	  1.900e-06 	
        27.440	  1.390e-06 	
        27.579	  1.510e-06 	
        27.682	  1.550e-06 	
        27.801	  1.540e-06 	
        27.820	  1.580e-06 	
        27.840	  1.350e-06 	
        27.860	  1.230e-06 	
        27.940	  1.490e-06 	
        27.961	  1.280e-06 	
        28.061	  2.320e-06 	
        28.080	  1.190e-06 	
        28.139	  1.290e-06 	
