;PC Software:StarLab Version 3.72 Build 3
! ******* Warning: Do not modify this file. Changes may prevent   ********
! ******* the StarLab Log reader from opening the file correctly. ********
;Logged:20/01/2023 at 15:43:17
;File Version:5
;Time Resolution:1 microseconds
;Graph Mode:Merge
;Graph Type:Line
;Notes:                                                            

;Channel A:Vega Pyroelectric PE9-ES-C (s/n:835971)  VG2.54 (s/n:547613)

;Channel A:Details
;Name:PE9-ES-C
;Graph Color:RGB(14,104,168)
;Units:J
;Settings:Measuring:Energy
;Settings:Wavelength:196
;Settings:Range:20.0uJ
;Settings:Diffuser:N/A
;Settings:Pulse Width:1.0us
;Settings:Threshold:Min

;Channel A:Statistics
;Min:1.160uJ             
;Max:3.900uJ             
;Average:2.217uJ             
;Std.Dev.:508.2nJ             
;Overrange:0                   
;Total Pulses:1384                
;--------------------


;First Pulse Arrived : 20/01/2023 at 15:43:20
  Timestamp   	  Channel A  	
         0.000	  1.260e-06 	
         0.040	  2.310e-06 	
         0.057	  2.480e-06 	
         0.078	  2.140e-06 	
         0.100	  2.570e-06 	
         0.117	  2.260e-06 	
         0.139	  2.190e-06 	
         0.157	  3.140e-06 	
         0.177	  1.890e-06 	
         0.200	  2.500e-06 	
         0.217	  1.970e-06 	
         0.240	  1.860e-06 	
         0.257	  2.850e-06 	
         0.277	  2.350e-06 	
         0.299	  1.470e-06 	
         0.341	  2.340e-06 	
         0.358	  2.830e-06 	
         0.379	  2.000e-06 	
         0.399	  2.290e-06 	
         0.419	  1.870e-06 	
         0.440	  2.960e-06 	
         0.457	  2.210e-06 	
         0.479	  3.380e-06 	
         0.500	  2.700e-06 	
         0.517	  3.260e-06 	
         0.541	  2.890e-06 	
         0.557	  2.000e-06 	
         0.578	  1.430e-06 	
         0.600	  3.800e-06 	
         0.619	  1.720e-06 	
         0.639	  3.350e-06 	
         0.657	  1.690e-06 	
         0.678	  3.390e-06 	
         0.700	  1.470e-06 	
         0.719	  2.630e-06 	
         0.741	  2.710e-06 	
         0.757	  2.290e-06 	
         0.779	  2.050e-06 	
         0.799	  3.160e-06 	
         0.819	  1.410e-06 	
         0.840	  3.130e-06 	
         0.857	  2.960e-06 	
         0.879	  3.340e-06 	
         0.900	  2.600e-06 	
         0.917	  3.210e-06 	
         0.939	  3.000e-06 	
         0.957	  1.780e-06 	
         0.978	  1.800e-06 	
         1.001	  1.510e-06 	
         1.018	  2.270e-06 	
         1.040	  1.900e-06 	
         1.057	  1.390e-06 	
         1.078	  2.050e-06 	
         1.100	  1.840e-06 	
         1.118	  1.760e-06 	
         1.141	  2.750e-06 	
         1.159	  1.920e-06 	
         1.178	  1.840e-06 	
         1.201	  1.770e-06 	
         1.218	  1.620e-06 	
         1.239	  2.770e-06 	
         1.257	  1.680e-06 	
         1.278	  3.230e-06 	
         1.301	  2.700e-06 	
         1.318	  1.890e-06 	
         1.340	  2.120e-06 	
         1.357	  2.420e-06 	
         1.377	  2.280e-06 	
         1.401	  2.040e-06 	
         1.419	  1.510e-06 	
         1.439	  2.510e-06 	
         1.457	  1.930e-06 	
         1.477	  1.470e-06 	
         1.500	  1.550e-06 	
         1.517	  2.490e-06 	
         1.541	  2.560e-06 	
         1.557	  1.870e-06 	
         1.577	  1.710e-06 	
         1.599	  3.410e-06 	
         1.640	  2.810e-06 	
         1.658	  1.160e-06 	
         1.678	  2.110e-06 	
         1.701	  1.680e-06 	
         1.717	  2.350e-06 	
         1.739	  1.660e-06 	
         1.757	  2.080e-06 	
         1.778	  3.040e-06 	
         1.801	  1.730e-06 	
         1.817	  1.920e-06 	
         1.840	  1.980e-06 	
         1.858	  1.550e-06 	
         1.877	  2.750e-06 	
         1.900	  3.190e-06 	
         1.940	  1.560e-06 	
         1.957	  2.100e-06 	
         1.978	  1.890e-06 	
         1.999	  1.770e-06 	
         2.017	  1.750e-06 	
         2.041	  2.050e-06 	
         2.057	  2.620e-06 	
         2.077	  1.760e-06 	
         2.101	  2.380e-06 	
         2.117	  2.400e-06 	
         2.140	  1.890e-06 	
         2.157	  2.070e-06 	
         2.178	  3.460e-06 	
         2.201	  1.960e-06 	
         2.218	  3.040e-06 	
         2.239	  1.920e-06 	
         2.257	  2.530e-06 	
         2.278	  2.690e-06 	
         2.301	  1.570e-06 	
         2.317	  1.830e-06 	
         2.340	  3.230e-06 	
         2.358	  2.810e-06 	
         2.378	  3.000e-06 	
         2.401	  2.810e-06 	
         2.418	  3.050e-06 	
         2.440	  2.610e-06 	
         2.457	  1.850e-06 	
         2.479	  1.980e-06 	
         2.500	  2.700e-06 	
         2.517	  1.410e-06 	
         2.541	  2.670e-06 	
         2.557	  2.180e-06 	
         2.578	  2.360e-06 	
         2.601	  2.290e-06 	
         2.618	  2.570e-06 	
         2.640	  2.060e-06 	
         2.657	  1.870e-06 	
         2.677	  3.370e-06 	
         2.701	  2.270e-06 	
         2.718	  3.210e-06 	
         2.740	  2.860e-06 	
         2.757	  2.210e-06 	
         2.778	  1.500e-06 	
         2.800	  1.990e-06 	
         2.819	  1.280e-06 	
         2.840	  1.550e-06 	
         2.858	  3.440e-06 	
         2.878	  1.900e-06 	
         2.899	  1.720e-06 	
         2.918	  1.260e-06 	
         2.941	  3.370e-06 	
         2.958	  1.570e-06 	
         2.978	  2.490e-06 	
         2.999	  1.770e-06 	
         3.018	  3.200e-06 	
         3.041	  1.690e-06 	
         3.057	  2.150e-06 	
         3.078	  2.910e-06 	
         3.100	  1.820e-06 	
         3.117	  2.070e-06 	
         3.140	  3.090e-06 	
         3.157	  2.510e-06 	
         3.179	  1.800e-06 	
         3.200	  2.350e-06 	
         3.217	  2.280e-06 	
         3.240	  1.440e-06 	
         3.257	  2.010e-06 	
         3.278	  2.110e-06 	
         3.300	  1.610e-06 	
         3.318	  1.510e-06 	
         3.340	  2.850e-06 	
         3.357	  1.780e-06 	
         3.379	  2.320e-06 	
         3.401	  2.150e-06 	
         3.418	  2.880e-06 	
         3.441	  3.700e-06 	
         3.457	  1.520e-06 	
         3.477	  2.040e-06 	
         3.500	  2.050e-06 	
         3.517	  1.790e-06 	
         3.540	  2.580e-06 	
         3.557	  1.800e-06 	
         3.577	  2.880e-06 	
         3.601	  2.610e-06 	
         3.617	  2.420e-06 	
         3.641	  1.560e-06 	
         3.657	  2.280e-06 	
         3.677	  2.100e-06 	
         3.699	  2.710e-06 	
         3.718	  2.260e-06 	
         3.740	  1.820e-06 	
         3.757	  2.050e-06 	
         3.777	  1.820e-06 	
         3.800	  2.220e-06 	
         3.817	  1.590e-06 	
         3.839	  2.420e-06 	
         3.857	  1.800e-06 	
         3.877	  1.630e-06 	
         3.901	  1.960e-06 	
         3.917	  1.930e-06 	
         3.940	  2.270e-06 	
         3.957	  2.240e-06 	
         3.978	  2.510e-06 	
         4.001	  3.120e-06 	
         4.017	  3.770e-06 	
         4.040	  2.640e-06 	
         4.057	  1.710e-06 	
         4.077	  2.750e-06 	
         4.098	  2.340e-06 	
         4.118	  1.580e-06 	
         4.140	  2.610e-06 	
         4.157	  2.320e-06 	
         4.178	  1.770e-06 	
         4.201	  1.570e-06 	
         4.219	  1.930e-06 	
         4.240	  2.150e-06 	
         4.257	  2.120e-06 	
         4.278	  1.730e-06 	
         4.301	  2.760e-06 	
         4.319	  1.900e-06 	
         4.339	  1.700e-06 	
         4.357	  2.480e-06 	
         4.378	  2.210e-06 	
         4.401	  1.500e-06 	
         4.419	  2.310e-06 	
         4.439	  2.410e-06 	
         4.457	  2.740e-06 	
         4.477	  2.200e-06 	
         4.501	  1.750e-06 	
         4.519	  2.270e-06 	
         4.539	  2.340e-06 	
         4.557	  2.330e-06 	
         4.578	  2.270e-06 	
         4.600	  1.790e-06 	
         4.618	  2.650e-06 	
         4.640	  1.700e-06 	
         4.657	  2.060e-06 	
         4.677	  2.110e-06 	
         4.701	  2.000e-06 	
         4.718	  2.750e-06 	
         4.739	  2.950e-06 	
         4.757	  2.580e-06 	
         4.777	  2.120e-06 	
         4.801	  2.560e-06 	
         4.819	  2.760e-06 	
         4.840	  3.240e-06 	
         4.857	  2.560e-06 	
         4.877	  3.070e-06 	
         4.901	  2.100e-06 	
         4.918	  2.760e-06 	
         4.940	  2.430e-06 	
         4.957	  2.110e-06 	
         4.977	  2.700e-06 	
         5.001	  2.140e-06 	
         5.019	  2.340e-06 	
         5.040	  1.520e-06 	
         5.057	  2.400e-06 	
         5.077	  2.480e-06 	
         5.098	  1.440e-06 	
         5.119	  2.140e-06 	
         5.140	  1.760e-06 	
         5.157	  2.880e-06 	
         5.177	  2.640e-06 	
         5.198	  1.980e-06 	
         5.219	  1.750e-06 	
         5.239	  2.340e-06 	
         5.257	  2.480e-06 	
         5.278	  3.110e-06 	
         5.299	  3.100e-06 	
         5.319	  2.700e-06 	
         5.339	  2.760e-06 	
         5.357	  2.620e-06 	
         5.378	  2.960e-06 	
         5.399	  2.630e-06 	
         5.417	  1.460e-06 	
         5.440	  1.400e-06 	
         5.457	  1.990e-06 	
         5.479	  1.860e-06 	
         5.501	  2.260e-06 	
         5.519	  2.530e-06 	
         5.540	  1.320e-06 	
         5.557	  2.840e-06 	
         5.578	  2.510e-06 	
         5.601	  2.490e-06 	
         5.617	  2.700e-06 	
         5.639	  2.240e-06 	
         5.657	  2.240e-06 	
         5.677	  3.000e-06 	
         5.701	  1.490e-06 	
         5.719	  2.680e-06 	
         5.740	  1.660e-06 	
         5.757	  2.960e-06 	
         5.777	  2.560e-06 	
         5.801	  1.640e-06 	
         5.819	  1.850e-06 	
         5.840	  2.270e-06 	
         5.857	  1.510e-06 	
         5.878	  1.750e-06 	
         5.899	  1.860e-06 	
         5.919	  2.750e-06 	
         5.940	  1.510e-06 	
         5.957	  1.560e-06 	
         5.977	  2.710e-06 	
         5.999	  1.570e-06 	
         6.017	  2.460e-06 	
         6.039	  2.490e-06 	
         6.057	  2.360e-06 	
         6.078	  3.000e-06 	
         6.099	  2.600e-06 	
         6.117	  1.690e-06 	
         6.140	  1.940e-06 	
         6.157	  2.530e-06 	
         6.200	  1.180e-06 	
         6.219	  2.420e-06 	
         6.240	  1.850e-06 	
         6.257	  2.030e-06 	
         6.278	  2.190e-06 	
         6.299	  2.900e-06 	
         6.318	  3.160e-06 	
         6.340	  2.480e-06 	
         6.357	  2.140e-06 	
         6.378	  1.470e-06 	
         6.400	  1.750e-06 	
         6.419	  1.860e-06 	
         6.439	  2.130e-06 	
         6.457	  2.060e-06 	
         6.478	  2.430e-06 	
         6.500	  1.930e-06 	
         6.519	  1.750e-06 	
         6.539	  2.040e-06 	
         6.557	  1.870e-06 	
         6.578	  1.610e-06 	
         6.599	  2.670e-06 	
         6.618	  1.960e-06 	
         6.639	  2.480e-06 	
         6.657	  1.920e-06 	
         6.679	  1.900e-06 	
         6.701	  2.630e-06 	
         6.719	  3.410e-06 	
         6.740	  2.840e-06 	
         6.757	  1.960e-06 	
         6.778	  2.410e-06 	
         6.801	  1.860e-06 	
         6.817	  2.460e-06 	
         6.842	  1.860e-06 	
         6.857	  2.700e-06 	
         6.877	  2.330e-06 	
         6.919	  2.290e-06 	
         6.940	  2.640e-06 	
         6.957	  2.740e-06 	
         6.977	  2.880e-06 	
         6.999	  2.280e-06 	
         7.019	  1.940e-06 	
         7.039	  1.830e-06 	
         7.057	  2.990e-06 	
         7.078	  1.920e-06 	
         7.100	  1.800e-06 	
         7.118	  1.760e-06 	
         7.139	  2.200e-06 	
         7.157	  2.540e-06 	
         7.178	  1.230e-06 	
         7.199	  2.110e-06 	
         7.217	  1.990e-06 	
         7.239	  2.610e-06 	
         7.257	  1.970e-06 	
         7.278	  2.450e-06 	
         7.299	  2.480e-06 	
         7.318	  1.690e-06 	
         7.337	  1.990e-06 	
         7.357	  2.980e-06 	
         7.378	  2.210e-06 	
         7.399	  2.130e-06 	
         7.418	  2.620e-06 	
         7.439	  2.190e-06 	
         7.457	  2.490e-06 	
         7.477	  2.700e-06 	
         7.500	  2.340e-06 	
         7.518	  3.190e-06 	
         7.539	  1.870e-06 	
         7.557	  1.680e-06 	
         7.577	  1.820e-06 	
         7.600	  2.130e-06 	
         7.618	  2.950e-06 	
         7.640	  1.610e-06 	
         7.657	  3.550e-06 	
         7.677	  2.130e-06 	
         7.700	  2.560e-06 	
         7.718	  3.490e-06 	
         7.737	  1.960e-06 	
         7.757	  1.770e-06 	
         7.779	  1.650e-06 	
         7.800	  2.060e-06 	
         7.819	  2.500e-06 	
         7.840	  2.060e-06 	
         7.857	  1.660e-06 	
         7.877	  2.010e-06 	
         7.900	  1.750e-06 	
         7.918	  1.750e-06 	
         7.938	  1.980e-06 	
         7.959	  1.780e-06 	
         7.977	  1.650e-06 	
         7.999	  1.900e-06 	
         8.018	  1.770e-06 	
         8.040	  1.830e-06 	
         8.057	  1.580e-06 	
         8.078	  2.400e-06 	
         8.099	  2.570e-06 	
         8.119	  2.610e-06 	
         8.139	  1.350e-06 	
         8.157	  1.190e-06 	
         8.179	  1.960e-06 	
         8.199	  1.370e-06 	
         8.219	  2.210e-06 	
         8.239	  2.070e-06 	
         8.258	  3.490e-06 	
         8.277	  2.790e-06 	
         8.300	  2.990e-06 	
         8.318	  2.320e-06 	
         8.339	  2.120e-06 	
         8.357	  2.210e-06 	
         8.379	  2.340e-06 	
         8.400	  2.140e-06 	
         8.418	  1.730e-06 	
         8.438	  1.970e-06 	
         8.457	  2.450e-06 	
         8.479	  1.680e-06 	
         8.500	  1.560e-06 	
         8.519	  1.710e-06 	
         8.538	  2.480e-06 	
         8.557	  2.070e-06 	
         8.578	  2.130e-06 	
         8.600	  3.700e-06 	
         8.619	  1.910e-06 	
         8.640	  2.040e-06 	
         8.657	  1.750e-06 	
         8.678	  1.700e-06 	
         8.701	  2.010e-06 	
         8.718	  2.030e-06 	
         8.737	  1.610e-06 	
         8.757	  2.910e-06 	
         8.777	  2.130e-06 	
         8.800	  1.700e-06 	
         8.819	  2.110e-06 	
         8.840	  1.910e-06 	
         8.857	  2.430e-06 	
         8.879	  1.850e-06 	
         8.900	  1.940e-06 	
         8.919	  2.120e-06 	
         8.938	  2.010e-06 	
         8.958	  2.560e-06 	
         8.978	  2.040e-06 	
         9.000	  1.770e-06 	
         9.019	  2.420e-06 	
         9.040	  2.480e-06 	
         9.057	  2.460e-06 	
         9.077	  2.420e-06 	
         9.102	  1.290e-06 	
         9.119	  2.100e-06 	
         9.138	  2.990e-06 	
         9.157	  1.930e-06 	
         9.177	  2.460e-06 	
         9.199	  2.810e-06 	
         9.219	  2.330e-06 	
         9.240	  1.800e-06 	
         9.257	  2.450e-06 	
         9.277	  1.510e-06 	
         9.300	  2.420e-06 	
         9.318	  2.340e-06 	
         9.339	  2.260e-06 	
         9.357	  1.410e-06 	
         9.379	  1.900e-06 	
         9.401	  3.310e-06 	
         9.418	  2.240e-06 	
         9.440	  3.000e-06 	
         9.457	  2.830e-06 	
         9.478	  2.330e-06 	
         9.501	  2.510e-06 	
         9.517	  1.890e-06 	
         9.539	  3.390e-06 	
         9.557	  2.120e-06 	
         9.579	  2.350e-06 	
         9.600	  2.350e-06 	
         9.619	  3.020e-06 	
         9.640	  2.600e-06 	
         9.657	  2.270e-06 	
         9.678	  1.830e-06 	
         9.700	  2.510e-06 	
         9.719	  3.110e-06 	
         9.739	  1.660e-06 	
         9.758	  2.040e-06 	
         9.778	  3.140e-06 	
         9.799	  1.870e-06 	
         9.819	  1.930e-06 	
         9.840	  1.860e-06 	
         9.857	  1.780e-06 	
         9.878	  2.120e-06 	
         9.900	  1.820e-06 	
         9.918	  2.310e-06 	
         9.938	  1.680e-06 	
         9.957	  1.830e-06 	
         9.978	  1.830e-06 	
        10.001	  2.240e-06 	
        10.018	  1.760e-06 	
        10.040	  2.210e-06 	
        10.057	  1.990e-06 	
        10.078	  3.240e-06 	
        10.100	  1.870e-06 	
        10.119	  3.340e-06 	
        10.138	  1.920e-06 	
        10.157	  2.170e-06 	
        10.177	  1.970e-06 	
        10.199	  1.400e-06 	
        10.218	  1.790e-06 	
        10.240	  2.710e-06 	
        10.257	  1.340e-06 	
        10.277	  3.250e-06 	
        10.300	  1.550e-06 	
        10.319	  1.590e-06 	
        10.338	  1.690e-06 	
        10.358	  1.590e-06 	
        10.377	  1.860e-06 	
        10.399	  1.510e-06 	
        10.419	  1.850e-06 	
        10.440	  2.150e-06 	
        10.457	  1.750e-06 	
        10.477	  1.750e-06 	
        10.499	  3.190e-06 	
        10.519	  1.920e-06 	
        10.537	  2.130e-06 	
        10.557	  2.530e-06 	
        10.578	  3.330e-06 	
        10.599	  1.850e-06 	
        10.618	  1.830e-06 	
        10.640	  3.170e-06 	
        10.657	  1.890e-06 	
        10.678	  1.480e-06 	
        10.699	  2.760e-06 	
        10.718	  2.350e-06 	
        10.739	  1.680e-06 	
        10.757	  2.360e-06 	
        10.778	  2.150e-06 	
        10.801	  3.120e-06 	
        10.817	  3.140e-06 	
        10.839	  1.370e-06 	
        10.857	  2.760e-06 	
        10.878	  2.990e-06 	
        10.899	  1.470e-06 	
        10.917	  1.590e-06 	
        10.939	  3.040e-06 	
        10.957	  1.840e-06 	
        10.978	  2.690e-06 	
        11.001	  1.980e-06 	
        11.018	  1.990e-06 	
        11.040	  1.870e-06 	
        11.057	  3.270e-06 	
        11.078	  1.700e-06 	
        11.101	  1.870e-06 	
        11.119	  2.560e-06 	
        11.138	  1.860e-06 	
        11.157	  1.890e-06 	
        11.177	  2.040e-06 	
        11.200	  1.920e-06 	
        11.217	  2.000e-06 	
        11.239	  1.780e-06 	
        11.257	  2.500e-06 	
        11.278	  2.070e-06 	
        11.317	  2.070e-06 	
        11.339	  1.910e-06 	
        11.360	  2.180e-06 	
        11.377	  2.280e-06 	
        11.401	  2.550e-06 	
        11.417	  2.600e-06 	
        11.439	  1.650e-06 	
        11.457	  2.770e-06 	
        11.478	  1.860e-06 	
        11.499	  3.490e-06 	
        11.518	  2.030e-06 	
        11.539	  2.610e-06 	
        11.557	  2.180e-06 	
        11.578	  1.770e-06 	
        11.599	  1.580e-06 	
        11.617	  2.830e-06 	
        11.639	  1.690e-06 	
        11.657	  1.930e-06 	
        11.678	  1.860e-06 	
        11.717	  3.180e-06 	
        11.739	  2.750e-06 	
        11.757	  1.920e-06 	
        11.778	  1.970e-06 	
        11.798	  2.240e-06 	
        11.818	  3.000e-06 	
        11.839	  2.810e-06 	
        11.857	  2.920e-06 	
        11.878	  2.380e-06 	
        11.900	  2.790e-06 	
        11.917	  2.460e-06 	
        11.939	  1.750e-06 	
        11.957	  2.330e-06 	
        11.978	  2.240e-06 	
        12.000	  1.510e-06 	
        12.017	  1.960e-06 	
        12.039	  1.830e-06 	
        12.057	  1.490e-06 	
        12.078	  2.930e-06 	
        12.101	  2.340e-06 	
        12.117	  1.840e-06 	
        12.137	  2.270e-06 	
        12.157	  1.960e-06 	
        12.177	  1.890e-06 	
        12.201	  2.460e-06 	
        12.218	  1.750e-06 	
        12.238	  2.190e-06 	
        12.257	  2.050e-06 	
        12.278	  1.890e-06 	
        12.298	  2.420e-06 	
        12.318	  3.180e-06 	
        12.339	  2.030e-06 	
        12.358	  2.360e-06 	
        12.378	  1.340e-06 	
        12.398	  2.390e-06 	
        12.418	  1.790e-06 	
        12.438	  3.040e-06 	
        12.457	  1.970e-06 	
        12.477	  3.050e-06 	
        12.503	  1.890e-06 	
        12.517	  1.650e-06 	
        12.539	  3.630e-06 	
        12.557	  2.040e-06 	
        12.578	  2.710e-06 	
        12.600	  1.960e-06 	
        12.618	  2.620e-06 	
        12.639	  1.490e-06 	
        12.657	  1.760e-06 	
        12.677	  3.000e-06 	
        12.697	  1.990e-06 	
        12.717	  3.190e-06 	
        12.739	  1.890e-06 	
        12.757	  2.970e-06 	
        12.778	  2.360e-06 	
        12.798	  1.730e-06 	
        12.817	  2.380e-06 	
        12.839	  1.760e-06 	
        12.857	  2.220e-06 	
        12.877	  1.820e-06 	
        12.897	  2.650e-06 	
        12.918	  1.920e-06 	
        12.939	  1.760e-06 	
        12.957	  1.940e-06 	
        12.977	  1.560e-06 	
        12.999	  2.030e-06 	
        13.017	  2.420e-06 	
        13.038	  2.310e-06 	
        13.057	  1.930e-06 	
        13.078	  1.920e-06 	
        13.098	  2.310e-06 	
        13.118	  3.040e-06 	
        13.139	  2.030e-06 	
        13.157	  2.960e-06 	
        13.177	  1.840e-06 	
        13.199	  2.410e-06 	
        13.218	  1.890e-06 	
        13.237	  2.490e-06 	
        13.257	  2.930e-06 	
        13.278	  1.940e-06 	
        13.299	  2.360e-06 	
        13.318	  2.140e-06 	
        13.338	  1.850e-06 	
        13.357	  2.850e-06 	
        13.378	  1.570e-06 	
        13.399	  2.140e-06 	
        13.418	  3.310e-06 	
        13.438	  1.500e-06 	
        13.457	  3.900e-06 	
        13.478	  1.780e-06 	
        13.498	  2.240e-06 	
        13.517	  1.850e-06 	
        13.539	  2.070e-06 	
        13.557	  2.100e-06 	
        13.577	  1.520e-06 	
        13.598	  1.830e-06 	
        13.618	  2.710e-06 	
        13.659	  2.210e-06 	
        13.677	  1.850e-06 	
        13.699	  1.780e-06 	
        13.719	  1.800e-06 	
        13.738	  3.240e-06 	
        13.757	  1.850e-06 	
        13.778	  3.440e-06 	
        13.799	  2.500e-06 	
        13.817	  2.120e-06 	
        13.838	  2.050e-06 	
        13.858	  2.350e-06 	
        13.878	  2.330e-06 	
        13.898	  3.060e-06 	
        13.918	  2.380e-06 	
        13.939	  2.290e-06 	
        13.957	  1.620e-06 	
        13.979	  2.510e-06 	
        13.997	  2.240e-06 	
        14.017	  1.990e-06 	
        14.038	  2.570e-06 	
        14.057	  1.850e-06 	
        14.077	  3.050e-06 	
        14.099	  2.190e-06 	
        14.117	  1.790e-06 	
        14.139	  2.640e-06 	
        14.157	  2.210e-06 	
        14.178	  2.190e-06 	
        14.197	  2.000e-06 	
        14.217	  2.010e-06 	
        14.238	  1.890e-06 	
        14.257	  3.020e-06 	
        14.277	  2.040e-06 	
        14.298	  2.960e-06 	
        14.317	  2.540e-06 	
        14.339	  2.510e-06 	
        14.357	  2.330e-06 	
        14.377	  2.860e-06 	
        14.398	  2.030e-06 	
        14.417	  2.060e-06 	
        14.439	  1.870e-06 	
        14.457	  1.730e-06 	
        14.478	  2.250e-06 	
        14.498	  1.890e-06 	
        14.517	  2.070e-06 	
        14.539	  1.750e-06 	
        14.557	  2.740e-06 	
        14.577	  1.520e-06 	
        14.598	  1.700e-06 	
        14.617	  3.210e-06 	
        14.639	  2.900e-06 	
        14.657	  2.410e-06 	
        14.677	  1.250e-06 	
        14.698	  2.040e-06 	
        14.718	  2.180e-06 	
        14.738	  2.060e-06 	
        14.759	  1.760e-06 	
        14.777	  2.290e-06 	
        14.798	  2.290e-06 	
        14.818	  1.900e-06 	
        14.839	  2.690e-06 	
        14.857	  2.050e-06 	
        14.877	  2.200e-06 	
        14.899	  2.180e-06 	
        14.917	  2.280e-06 	
        14.939	  1.820e-06 	
        14.957	  2.750e-06 	
        14.977	  2.550e-06 	
        14.999	  1.890e-06 	
        15.019	  2.460e-06 	
        15.039	  1.650e-06 	
        15.057	  2.350e-06 	
        15.078	  2.550e-06 	
        15.097	  1.890e-06 	
        15.118	  3.240e-06 	
        15.139	  1.890e-06 	
        15.157	  2.100e-06 	
        15.178	  2.490e-06 	
        15.198	  1.860e-06 	
        15.219	  2.330e-06 	
        15.238	  2.530e-06 	
        15.257	  2.600e-06 	
        15.278	  2.920e-06 	
        15.298	  2.480e-06 	
        15.319	  2.400e-06 	
        15.338	  1.760e-06 	
        15.357	  2.620e-06 	
        15.378	  2.410e-06 	
        15.399	  1.630e-06 	
        15.417	  2.570e-06 	
        15.438	  2.500e-06 	
        15.457	  1.720e-06 	
        15.478	  2.760e-06 	
        15.499	  2.960e-06 	
        15.517	  2.200e-06 	
        15.537	  2.010e-06 	
        15.557	  1.890e-06 	
        15.577	  2.780e-06 	
        15.598	  1.990e-06 	
        15.618	  2.180e-06 	
        15.637	  2.830e-06 	
        15.657	  1.690e-06 	
        15.677	  1.960e-06 	
        15.698	  2.500e-06 	
        15.718	  2.900e-06 	
        15.737	  3.040e-06 	
        15.757	  1.760e-06 	
        15.777	  2.010e-06 	
        15.799	  1.960e-06 	
        15.819	  3.370e-06 	
        15.837	  2.210e-06 	
        15.857	  2.400e-06 	
        15.877	  2.150e-06 	
        15.903	  2.510e-06 	
        15.919	  1.770e-06 	
        15.938	  2.110e-06 	
        15.957	  1.920e-06 	
        15.977	  2.420e-06 	
        15.999	  3.420e-06 	
        16.018	  2.180e-06 	
        16.038	  2.180e-06 	
        16.057	  1.910e-06 	
        16.078	  2.070e-06 	
        16.098	  2.530e-06 	
        16.118	  1.640e-06 	
        16.138	  2.350e-06 	
        16.157	  1.710e-06 	
        16.177	  2.780e-06 	
        16.199	  1.980e-06 	
        16.219	  1.710e-06 	
        16.237	  2.650e-06 	
        16.257	  1.910e-06 	
        16.278	  3.490e-06 	
        16.297	  2.750e-06 	
        16.319	  1.960e-06 	
        16.338	  2.010e-06 	
        16.357	  1.800e-06 	
        16.377	  1.750e-06 	
        16.398	  2.030e-06 	
        16.419	  1.920e-06 	
        16.438	  1.390e-06 	
        16.457	  2.140e-06 	
        16.478	  1.720e-06 	
        16.499	  2.880e-06 	
        16.517	  2.010e-06 	
        16.538	  1.960e-06 	
        16.557	  1.980e-06 	
        16.578	  3.050e-06 	
        16.598	  2.250e-06 	
        16.619	  2.570e-06 	
        16.637	  2.750e-06 	
        16.657	  1.870e-06 	
        16.678	  1.980e-06 	
        16.699	  1.660e-06 	
        16.718	  1.900e-06 	
        16.738	  1.720e-06 	
        16.757	  3.000e-06 	
        16.778	  1.790e-06 	
        16.798	  2.240e-06 	
        16.819	  2.880e-06 	
        16.837	  1.800e-06 	
        16.857	  1.610e-06 	
        16.878	  2.240e-06 	
        16.897	  1.700e-06 	
        16.919	  1.630e-06 	
        16.937	  2.700e-06 	
        16.957	  1.780e-06 	
        16.978	  2.630e-06 	
        16.998	  1.960e-06 	
        17.018	  2.460e-06 	
        17.037	  2.930e-06 	
        17.057	  1.750e-06 	
        17.078	  2.610e-06 	
        17.097	  2.190e-06 	
        17.119	  2.400e-06 	
        17.137	  2.750e-06 	
        17.157	  2.100e-06 	
        17.197	  1.990e-06 	
        17.219	  2.510e-06 	
        17.237	  1.940e-06 	
        17.257	  3.060e-06 	
        17.278	  2.080e-06 	
        17.297	  1.560e-06 	
        17.318	  2.720e-06 	
        17.337	  2.050e-06 	
        17.378	  1.750e-06 	
        17.397	  2.130e-06 	
        17.418	  1.630e-06 	
        17.437	  2.920e-06 	
        17.457	  2.140e-06 	
        17.478	  3.390e-06 	
        17.498	  2.790e-06 	
        17.518	  1.560e-06 	
        17.537	  2.200e-06 	
        17.557	  2.970e-06 	
        17.577	  2.930e-06 	
        17.597	  2.380e-06 	
        17.617	  1.390e-06 	
        17.638	  2.140e-06 	
        17.657	  2.630e-06 	
        17.678	  1.770e-06 	
        17.698	  2.030e-06 	
        17.719	  2.560e-06 	
        17.738	  1.840e-06 	
        17.757	  1.640e-06 	
        17.779	  2.060e-06 	
        17.797	  2.350e-06 	
        17.819	  2.410e-06 	
        17.837	  1.980e-06 	
        17.857	  2.920e-06 	
        17.879	  2.050e-06 	
        17.898	  2.670e-06 	
        17.919	  3.320e-06 	
        17.937	  3.060e-06 	
        17.957	  2.100e-06 	
        17.978	  1.930e-06 	
        17.998	  2.500e-06 	
        18.018	  1.690e-06 	
        18.038	  1.860e-06 	
        18.057	  1.910e-06 	
        18.078	  2.710e-06 	
        18.097	  2.830e-06 	
        18.119	  3.370e-06 	
        18.139	  2.000e-06 	
        18.159	  1.760e-06 	
        18.179	  2.380e-06 	
        18.198	  2.210e-06 	
        18.218	  1.720e-06 	
        18.239	  2.060e-06 	
        18.257	  2.180e-06 	
        18.279	  2.140e-06 	
        18.297	  2.400e-06 	
        18.318	  3.070e-06 	
        18.337	  3.170e-06 	
        18.357	  2.140e-06 	
        18.377	  2.390e-06 	
        18.397	  1.770e-06 	
        18.419	  1.720e-06 	
        18.439	  2.170e-06 	
        18.457	  2.830e-06 	
        18.477	  2.390e-06 	
        18.497	  2.080e-06 	
        18.519	  1.900e-06 	
        18.538	  1.750e-06 	
        18.557	  2.650e-06 	
        18.578	  3.710e-06 	
        18.597	  2.190e-06 	
        18.618	  2.070e-06 	
        18.638	  2.650e-06 	
        18.658	  2.630e-06 	
        18.677	  2.060e-06 	
        18.697	  2.120e-06 	
        18.718	  2.110e-06 	
        18.737	  1.790e-06 	
        18.758	  2.600e-06 	
        18.777	  2.410e-06 	
        18.797	  3.350e-06 	
        18.818	  2.540e-06 	
        18.839	  2.410e-06 	
        18.858	  2.120e-06 	
        18.878	  3.040e-06 	
        18.897	  2.250e-06 	
        18.917	  1.970e-06 	
        18.939	  1.730e-06 	
        18.958	  1.610e-06 	
        18.979	  3.420e-06 	
        18.997	  3.570e-06 	
        19.019	  2.030e-06 	
        19.038	  1.460e-06 	
        19.057	  2.190e-06 	
        19.077	  1.990e-06 	
        19.097	  1.660e-06 	
        19.119	  1.900e-06 	
        19.138	  2.420e-06 	
        19.157	  3.030e-06 	
        19.179	  2.510e-06 	
        19.197	  2.380e-06 	
        19.217	  2.750e-06 	
        19.239	  1.560e-06 	
        19.257	  1.430e-06 	
        19.278	  1.970e-06 	
        19.299	  2.560e-06 	
        19.318	  1.460e-06 	
        19.338	  2.400e-06 	
        19.357	  2.240e-06 	
        19.378	  1.780e-06 	
        19.398	  1.820e-06 	
        19.419	  1.520e-06 	
        19.439	  3.040e-06 	
        19.457	  1.770e-06 	
        19.479	  2.850e-06 	
        19.497	  2.180e-06 	
        19.519	  2.630e-06 	
        19.538	  2.540e-06 	
        19.557	  1.930e-06 	
        19.577	  1.480e-06 	
        19.598	  1.860e-06 	
        19.619	  2.080e-06 	
        19.638	  1.510e-06 	
        19.657	  2.400e-06 	
        19.677	  1.590e-06 	
        19.697	  1.250e-06 	
        19.718	  3.240e-06 	
        19.739	  1.780e-06 	
        19.757	  1.650e-06 	
        19.777	  2.480e-06 	
        19.797	  3.600e-06 	
        19.818	  1.840e-06 	
        19.838	  1.610e-06 	
        19.857	  2.950e-06 	
        19.878	  2.920e-06 	
        19.898	  1.620e-06 	
        19.917	  1.770e-06 	
        19.939	  1.920e-06 	
        19.957	  2.130e-06 	
        19.977	  2.350e-06 	
        19.998	  1.520e-06 	
        20.019	  3.040e-06 	
        20.038	  1.390e-06 	
        20.057	  1.870e-06 	
        20.078	  2.680e-06 	
        20.098	  1.710e-06 	
        20.119	  1.860e-06 	
        20.139	  1.720e-06 	
        20.157	  2.000e-06 	
        20.178	  2.620e-06 	
        20.198	  1.920e-06 	
        20.219	  2.360e-06 	
        20.239	  2.330e-06 	
        20.257	  2.360e-06 	
        20.278	  2.040e-06 	
        20.298	  1.660e-06 	
        20.318	  1.680e-06 	
        20.337	  1.590e-06 	
        20.357	  2.480e-06 	
        20.378	  2.190e-06 	
        20.399	  1.630e-06 	
        20.418	  2.600e-06 	
        20.438	  3.240e-06 	
        20.457	  2.170e-06 	
        20.478	  2.030e-06 	
        20.499	  1.680e-06 	
        20.519	  1.980e-06 	
        20.538	  1.710e-06 	
        20.557	  2.470e-06 	
        20.579	  2.470e-06 	
        20.599	  1.970e-06 	
        20.617	  2.500e-06 	
        20.637	  2.450e-06 	
        20.657	  3.330e-06 	
        20.677	  1.830e-06 	
        20.697	  1.680e-06 	
        20.717	  2.760e-06 	
        20.738	  1.860e-06 	
        20.757	  2.470e-06 	
        20.779	  2.060e-06 	
        20.797	  2.070e-06 	
        20.817	  2.340e-06 	
        20.838	  1.540e-06 	
        20.857	  2.400e-06 	
        20.878	  1.300e-06 	
        20.897	  2.540e-06 	
        20.917	  2.290e-06 	
        20.939	  2.750e-06 	
        20.957	  2.100e-06 	
        20.978	  2.500e-06 	
        20.998	  2.170e-06 	
        21.017	  2.670e-06 	
        21.038	  2.200e-06 	
        21.057	  2.290e-06 	
        21.078	  2.560e-06 	
        21.117	  2.470e-06 	
        21.139	  2.040e-06 	
        21.157	  1.720e-06 	
        21.178	  2.270e-06 	
        21.198	  2.610e-06 	
        21.217	  2.060e-06 	
        21.239	  2.280e-06 	
        21.257	  2.270e-06 	
        21.278	  1.940e-06 	
        21.299	  1.820e-06 	
        21.317	  1.710e-06 	
        21.339	  2.360e-06 	
        21.357	  1.800e-06 	
        21.378	  1.940e-06 	
        21.399	  1.620e-06 	
        21.417	  3.240e-06 	
        21.439	  1.700e-06 	
        21.457	  3.170e-06 	
        21.478	  1.930e-06 	
        21.498	  2.620e-06 	
        21.518	  2.460e-06 	
        21.538	  2.330e-06 	
        21.559	  2.460e-06 	
        21.578	  2.690e-06 	
        21.599	  2.350e-06 	
        21.617	  2.060e-06 	
        21.639	  1.860e-06 	
        21.657	  1.750e-06 	
        21.678	  1.860e-06 	
        21.698	  1.890e-06 	
        21.718	  2.060e-06 	
        21.737	  2.240e-06 	
        21.757	  2.430e-06 	
        21.778	  1.820e-06 	
        21.798	  2.650e-06 	
        21.818	  2.010e-06 	
        21.838	  2.650e-06 	
        21.857	  2.070e-06 	
        21.877	  1.920e-06 	
        21.898	  1.760e-06 	
        21.918	  1.940e-06 	
        21.939	  2.040e-06 	
        21.957	  2.010e-06 	
        21.978	  1.770e-06 	
        21.998	  1.780e-06 	
        22.017	  2.030e-06 	
        22.039	  1.790e-06 	
        22.057	  2.610e-06 	
        22.079	  2.150e-06 	
        22.098	  2.830e-06 	
        22.119	  2.330e-06 	
        22.138	  3.480e-06 	
        22.157	  1.610e-06 	
        22.178	  2.740e-06 	
        22.197	  1.590e-06 	
        22.217	  3.780e-06 	
        22.239	  2.070e-06 	
        22.257	  2.430e-06 	
        22.277	  1.560e-06 	
        22.298	  1.820e-06 	
        22.317	  2.310e-06 	
        22.338	  2.700e-06 	
        22.357	  1.920e-06 	
        22.379	  2.130e-06 	
        22.399	  1.990e-06 	
        22.418	  1.900e-06 	
        22.439	  3.190e-06 	
        22.457	  1.860e-06 	
        22.477	  2.360e-06 	
        22.499	  2.170e-06 	
        22.517	  2.050e-06 	
        22.538	  2.170e-06 	
        22.557	  2.780e-06 	
        22.578	  1.620e-06 	
        22.598	  1.760e-06 	
        22.618	  2.070e-06 	
        22.638	  1.580e-06 	
        22.657	  1.250e-06 	
        22.678	  3.460e-06 	
        22.701	  2.430e-06 	
        22.718	  2.420e-06 	
        22.737	  2.270e-06 	
        22.757	  2.270e-06 	
        22.778	  1.680e-06 	
        22.798	  1.420e-06 	
        22.819	  1.890e-06 	
        22.838	  1.890e-06 	
        22.857	  1.860e-06 	
        22.877	  1.790e-06 	
        22.898	  1.250e-06 	
        22.918	  1.290e-06 	
        22.939	  1.610e-06 	
        22.957	  2.560e-06 	
        22.977	  2.080e-06 	
        22.997	  1.700e-06 	
        23.018	  1.580e-06 	
        23.038	  1.940e-06 	
        23.057	  1.850e-06 	
        23.077	  1.830e-06 	
        23.097	  1.710e-06 	
        23.118	  1.570e-06 	
        23.138	  2.980e-06 	
        23.157	  1.560e-06 	
        23.179	  1.480e-06 	
        23.197	  1.370e-06 	
        23.218	  2.010e-06 	
        23.239	  2.130e-06 	
        23.257	  2.420e-06 	
        23.277	  1.790e-06 	
        23.298	  1.640e-06 	
        23.317	  2.130e-06 	
        23.339	  2.240e-06 	
        23.357	  2.810e-06 	
        23.377	  2.200e-06 	
        23.399	  2.650e-06 	
        23.417	  2.150e-06 	
        23.438	  2.140e-06 	
        23.457	  2.610e-06 	
        23.478	  2.560e-06 	
        23.499	  3.000e-06 	
        23.517	  1.830e-06 	
        23.538	  1.620e-06 	
        23.557	  2.200e-06 	
        23.577	  2.750e-06 	
        23.599	  1.550e-06 	
        23.617	  2.930e-06 	
        23.638	  1.770e-06 	
        23.657	  1.770e-06 	
        23.677	  2.890e-06 	
        23.699	  1.850e-06 	
        23.718	  2.260e-06 	
        23.739	  3.020e-06 	
        23.757	  1.580e-06 	
        23.778	  1.790e-06 	
        23.798	  1.610e-06 	
        23.818	  1.920e-06 	
        23.838	  2.320e-06 	
        23.857	  1.890e-06 	
        23.878	  2.030e-06 	
        23.899	  2.310e-06 	
        23.919	  2.770e-06 	
        23.939	  2.260e-06 	
        23.957	  1.710e-06 	
        23.978	  2.360e-06 	
        23.999	  2.630e-06 	
        24.018	  2.010e-06 	
        24.037	  2.150e-06 	
        24.057	  2.290e-06 	
        24.078	  2.110e-06 	
        24.099	  2.080e-06 	
        24.118	  2.760e-06 	
        24.137	  1.560e-06 	
        24.157	  2.700e-06 	
        24.177	  2.570e-06 	
        24.199	  1.610e-06 	
        24.219	  2.060e-06 	
        24.239	  2.640e-06 	
        24.257	  2.120e-06 	
        24.277	  1.520e-06 	
        24.318	  2.760e-06 	
        24.337	  2.310e-06 	
        24.357	  1.920e-06 	
        24.378	  1.900e-06 	
        24.397	  3.270e-06 	
        24.419	  2.130e-06 	
        24.438	  1.890e-06 	
        24.458	  2.640e-06 	
        24.478	  2.340e-06 	
        24.498	  1.640e-06 	
        24.517	  2.380e-06 	
        24.539	  2.770e-06 	
        24.557	  2.030e-06 	
        24.578	  1.800e-06 	
        24.597	  2.420e-06 	
        24.617	  2.190e-06 	
        24.639	  2.060e-06 	
        24.657	  2.000e-06 	
        24.678	  1.900e-06 	
        24.698	  2.190e-06 	
        24.719	  1.820e-06 	
        24.738	  2.560e-06 	
        24.758	  1.520e-06 	
        24.777	  1.520e-06 	
        24.798	  1.960e-06 	
        24.819	  1.730e-06 	
        24.838	  3.040e-06 	
        24.857	  1.840e-06 	
        24.878	  1.830e-06 	
        24.899	  2.860e-06 	
        24.919	  2.790e-06 	
        24.937	  2.710e-06 	
        24.959	  1.770e-06 	
        24.977	  1.940e-06 	
        24.998	  2.990e-06 	
        25.019	  2.290e-06 	
        25.037	  1.820e-06 	
        25.057	  2.080e-06 	
        25.077	  2.010e-06 	
        25.099	  3.050e-06 	
        25.119	  2.830e-06 	
        25.137	  1.710e-06 	
        25.157	  2.110e-06 	
        25.177	  1.590e-06 	
        25.199	  2.640e-06 	
        25.219	  1.720e-06 	
        25.237	  1.610e-06 	
        25.257	  2.820e-06 	
        25.278	  1.840e-06 	
        25.297	  3.410e-06 	
        25.318	  1.440e-06 	
        25.337	  3.450e-06 	
        25.357	  1.580e-06 	
        25.377	  1.550e-06 	
        25.398	  1.870e-06 	
        25.419	  1.500e-06 	
        25.437	  1.910e-06 	
        25.457	  2.330e-06 	
        25.477	  2.140e-06 	
        25.498	  2.220e-06 	
        25.519	  2.650e-06 	
        25.537	  2.470e-06 	
        25.557	  2.150e-06 	
        25.578	  1.890e-06 	
        25.597	  1.940e-06 	
        25.618	  2.510e-06 	
        25.637	  3.140e-06 	
        25.657	  2.810e-06 	
        25.677	  1.920e-06 	
        25.697	  1.790e-06 	
        25.718	  1.980e-06 	
        25.738	  2.860e-06 	
        25.757	  2.670e-06 	
        25.778	  2.470e-06 	
        25.798	  1.400e-06 	
        25.817	  2.080e-06 	
        25.838	  2.040e-06 	
        25.857	  2.740e-06 	
        25.877	  2.180e-06 	
        25.899	  1.590e-06 	
        25.917	  2.210e-06 	
        25.939	  2.010e-06 	
        25.957	  1.710e-06 	
        25.978	  2.450e-06 	
        25.999	  2.260e-06 	
        26.019	  1.990e-06 	
        26.038	  2.030e-06 	
        26.057	  2.010e-06 	
        26.078	  2.170e-06 	
        26.101	  1.930e-06 	
        26.118	  2.460e-06 	
        26.138	  1.960e-06 	
        26.157	  2.030e-06 	
        26.178	  2.980e-06 	
        26.197	  1.630e-06 	
        26.219	  1.770e-06 	
        26.237	  1.960e-06 	
        26.257	  1.660e-06 	
        26.278	  3.450e-06 	
        26.297	  1.620e-06 	
        26.317	  2.240e-06 	
        26.338	  1.760e-06 	
        26.357	  2.000e-06 	
        26.379	  2.430e-06 	
        26.397	  2.330e-06 	
        26.418	  2.930e-06 	
        26.437	  2.350e-06 	
        26.457	  3.250e-06 	
        26.478	  1.970e-06 	
        26.498	  2.340e-06 	
        26.517	  2.540e-06 	
        26.538	  2.860e-06 	
        26.557	  2.290e-06 	
        26.577	  1.650e-06 	
        26.598	  2.080e-06 	
        26.619	  3.020e-06 	
        26.637	  1.910e-06 	
        26.657	  2.390e-06 	
        26.677	  2.540e-06 	
        26.697	  1.930e-06 	
        26.719	  2.060e-06 	
        26.738	  1.640e-06 	
        26.757	  2.270e-06 	
        26.777	  2.810e-06 	
        26.797	  1.960e-06 	
        26.817	  1.520e-06 	
        26.837	  1.280e-06 	
        26.857	  1.960e-06 	
        26.879	  2.930e-06 	
        26.897	  2.080e-06 	
        26.919	  1.650e-06 	
        26.937	  3.090e-06 	
        26.957	  2.720e-06 	
        26.977	  2.580e-06 	
        26.997	  2.510e-06 	
        27.017	  1.770e-06 	
        27.037	  1.440e-06 	
        27.057	  1.500e-06 	
        27.078	  2.290e-06 	
        27.097	  2.530e-06 	
        27.118	  2.210e-06 	
        27.137	  2.750e-06 	
        27.157	  2.200e-06 	
        27.178	  1.940e-06 	
        27.198	  2.070e-06 	
        27.217	  2.420e-06 	
        27.237	  1.780e-06 	
        27.257	  2.010e-06 	
        27.279	  2.340e-06 	
        27.297	  3.310e-06 	
        27.318	  2.390e-06 	
        27.337	  2.560e-06 	
        27.357	  1.320e-06 	
        27.378	  2.140e-06 	
        27.398	  1.920e-06 	
        27.418	  1.220e-06 	
        27.438	  1.940e-06 	
        27.457	  1.330e-06 	
        27.478	  2.190e-06 	
        27.497	  2.630e-06 	
        27.518	  2.550e-06 	
        27.537	  1.870e-06 	
        27.557	  2.200e-06 	
        27.578	  2.070e-06 	
        27.597	  2.540e-06 	
        27.618	  1.980e-06 	
        27.638	  3.260e-06 	
        27.657	  2.740e-06 	
        27.679	  1.920e-06 	
        27.698	  1.590e-06 	
        27.718	  1.860e-06 	
        27.738	  1.700e-06 	
        27.757	  2.480e-06 	
        27.777	  2.120e-06 	
        27.798	  2.960e-06 	
        27.819	  2.060e-06 	
        27.838	  2.950e-06 	
        27.857	  1.780e-06 	
        27.877	  1.460e-06 	
        27.898	  2.610e-06 	
        27.918	  2.920e-06 	
