;PC Software:StarLab Version 3.62 Build 1
! ******* Warning: Do not modify this file. Changes may prevent   ********
! ******* the StarLab Log reader from opening the file correctly. ********
;Logged:24/01/2022 at 15:04:04
;File Version:5
;Time Resolution:1 microseconds
;Log Settings:Stop after:period: 00:05:00
;Graph Mode:Merge
;Graph Type:Line
;Notes:                                                            

;Channel A:Vega Pyroelectric PE50BF-DIF (s/n:571777)  VG2.54 (s/n:547613)

;Channel A:Details
;Name:PE50BF-DIF
;Graph Color:RGB(14,104,168)
;Units:J
;Settings:Measuring:Energy
;Settings:Wavelength:1064
;Settings:Range:4.00mJ
;Settings:Diffuser:N/A
;Settings:Pulse Width:1.0mS
;Settings:Threshold:N/A

;Channel A:Statistics
;Min:1.858mJ             
;Max:1.886mJ             
;Average:1.874mJ             
;Std.Dev.:5.023uJ             
;Overrange:0                   
;Total Pulses:339                 
;--------------------


;First Pulse Arrived : 24/01/2022 at 15:04:04
  Timestamp   	  Channel A  	
         0.000	  1.878e-03 	
         0.021	  1.882e-03 	
         0.041	  1.878e-03 	
         0.061	  1.876e-03 	
         0.080	  1.874e-03 	
         0.100	  1.880e-03 	
         0.120	  1.874e-03 	
         0.141	  1.876e-03 	
         0.161	  1.868e-03 	
         0.180	  1.876e-03 	
         0.201	  1.870e-03 	
         0.220	  1.880e-03 	
         0.241	  1.874e-03 	
         0.261	  1.876e-03 	
         0.280	  1.870e-03 	
         0.301	  1.874e-03 	
         0.320	  1.866e-03 	
         0.341	  1.878e-03 	
         0.360	  1.864e-03 	
         0.379	  1.872e-03 	
         0.399	  1.872e-03 	
         0.421	  1.872e-03 	
         0.440	  1.872e-03 	
         0.461	  1.874e-03 	
         0.480	  1.872e-03 	
         0.499	  1.874e-03 	
         0.519	  1.870e-03 	
         0.541	  1.872e-03 	
         0.561	  1.878e-03 	
         0.580	  1.874e-03 	
         0.601	  1.870e-03 	
         0.620	  1.858e-03 	
         0.641	  1.870e-03 	
         0.661	  1.870e-03 	
         0.679	  1.876e-03 	
         0.701	  1.872e-03 	
         0.720	  1.878e-03 	
         0.741	  1.874e-03 	
         0.761	  1.876e-03 	
         0.779	  1.870e-03 	
         0.800	  1.872e-03 	
         0.820	  1.868e-03 	
         0.841	  1.876e-03 	
         0.861	  1.876e-03 	
         0.879	  1.874e-03 	
         0.901	  1.880e-03 	
         0.921	  1.868e-03 	
         0.941	  1.876e-03 	
         0.961	  1.876e-03 	
         0.980	  1.876e-03 	
         1.001	  1.882e-03 	
         1.021	  1.878e-03 	
         1.041	  1.870e-03 	
         1.060	  1.872e-03 	
         1.081	  1.874e-03 	
         1.100	  1.872e-03 	
         1.121	  1.882e-03 	
         1.141	  1.886e-03 	
         1.160	  1.880e-03 	
         1.180	  1.872e-03 	
         1.201	  1.866e-03 	
         1.221	  1.870e-03 	
         1.240	  1.886e-03 	
         1.261	  1.868e-03 	
         1.280	  1.878e-03 	
         1.301	  1.874e-03 	
         1.320	  1.878e-03 	
         1.340	  1.874e-03 	
         1.361	  1.872e-03 	
         1.380	  1.876e-03 	
         1.400	  1.874e-03 	
         1.421	  1.878e-03 	
         1.441	  1.880e-03 	
         1.460	  1.886e-03 	
         1.479	  1.876e-03 	
         1.500	  1.880e-03 	
         1.519	  1.880e-03 	
         1.539	  1.868e-03 	
         1.561	  1.880e-03 	
         1.581	  1.878e-03 	
         1.600	  1.876e-03 	
         1.621	  1.872e-03 	
         1.641	  1.864e-03 	
         1.661	  1.876e-03 	
         1.680	  1.884e-03 	
         1.701	  1.874e-03 	
         1.719	  1.872e-03 	
         1.741	  1.868e-03 	
         1.761	  1.878e-03 	
         1.780	  1.862e-03 	
         1.801	  1.874e-03 	
         1.820	  1.872e-03 	
         1.841	  1.874e-03 	
         1.861	  1.874e-03 	
         1.879	  1.872e-03 	
         1.901	  1.870e-03 	
         1.920	  1.876e-03 	
         1.941	  1.882e-03 	
         1.961	  1.876e-03 	
         1.980	  1.878e-03 	
         2.001	  1.884e-03 	
         2.021	  1.876e-03 	
         2.041	  1.876e-03 	
         2.060	  1.872e-03 	
         2.080	  1.872e-03 	
         2.101	  1.864e-03 	
         2.121	  1.876e-03 	
         2.140	  1.882e-03 	
         2.161	  1.870e-03 	
         2.180	  1.874e-03 	
         2.201	  1.882e-03 	
         2.221	  1.884e-03 	
         2.241	  1.870e-03 	
         2.261	  1.874e-03 	
         2.279	  1.872e-03 	
         2.301	  1.878e-03 	
         2.321	  1.870e-03 	
         2.341	  1.874e-03 	
         2.361	  1.872e-03 	
         2.379	  1.870e-03 	
         2.400	  1.864e-03 	
         2.421	  1.876e-03 	
         2.441	  1.874e-03 	
         2.461	  1.876e-03 	
         2.479	  1.876e-03 	
         2.501	  1.870e-03 	
         2.519	  1.878e-03 	
         2.541	  1.878e-03 	
         2.560	  1.876e-03 	
         2.580	  1.874e-03 	
         2.601	  1.872e-03 	
         2.621	  1.874e-03 	
         2.641	  1.872e-03 	
         2.661	  1.874e-03 	
         2.680	  1.880e-03 	
         2.701	  1.876e-03 	
         2.721	  1.872e-03 	
         2.740	  1.884e-03 	
         2.760	  1.880e-03 	
         2.780	  1.868e-03 	
         2.800	  1.884e-03 	
         2.821	  1.886e-03 	
         2.840	  1.880e-03 	
         2.861	  1.878e-03 	
         2.880	  1.882e-03 	
         2.901	  1.874e-03 	
         2.921	  1.878e-03 	
         2.941	  1.878e-03 	
         2.961	  1.874e-03 	
         2.980	  1.882e-03 	
         3.001	  1.874e-03 	
         3.021	  1.880e-03 	
         3.041	  1.880e-03 	
         3.061	  1.874e-03 	
         3.079	  1.878e-03 	
         3.101	  1.874e-03 	
         3.121	  1.872e-03 	
         3.141	  1.876e-03 	
         3.161	  1.878e-03 	
         3.179	  1.876e-03 	
         3.199	  1.876e-03 	
         3.220	  1.878e-03 	
         3.240	  1.878e-03 	
         3.261	  1.870e-03 	
         3.280	  1.866e-03 	
         3.300	  1.874e-03 	
         3.320	  1.886e-03 	
         3.341	  1.872e-03 	
         3.361	  1.878e-03 	
         3.379	  1.882e-03 	
         3.401	  1.876e-03 	
         3.421	  1.878e-03 	
         3.441	  1.870e-03 	
         3.460	  1.878e-03 	
         3.479	  1.870e-03 	
         3.500	  1.876e-03 	
         3.521	  1.876e-03 	
         3.541	  1.874e-03 	
         3.561	  1.874e-03 	
         3.580	  1.878e-03 	
         3.601	  1.876e-03 	
         3.621	  1.886e-03 	
         3.641	  1.878e-03 	
         3.660	  1.878e-03 	
         3.680	  1.878e-03 	
         3.701	  1.878e-03 	
         3.721	  1.870e-03 	
         3.741	  1.880e-03 	
         3.761	  1.882e-03 	
         3.779	  1.870e-03 	
         3.801	  1.870e-03 	
         3.820	  1.866e-03 	
         3.840	  1.876e-03 	
         3.861	  1.876e-03 	
         3.879	  1.866e-03 	
         3.900	  1.874e-03 	
         3.920	  1.882e-03 	
         3.940	  1.868e-03 	
         3.961	  1.866e-03 	
         3.979	  1.874e-03 	
         4.000	  1.876e-03 	
         4.021	  1.876e-03 	
         4.041	  1.876e-03 	
         4.061	  1.878e-03 	
         4.080	  1.866e-03 	
         4.101	  1.878e-03 	
         4.121	  1.872e-03 	
         4.141	  1.874e-03 	
         4.161	  1.880e-03 	
         4.180	  1.870e-03 	
         4.200	  1.868e-03 	
         4.221	  1.872e-03 	
         4.241	  1.878e-03 	
         4.261	  1.870e-03 	
         4.280	  1.870e-03 	
         4.301	  1.876e-03 	
         4.321	  1.872e-03 	
         4.341	  1.876e-03 	
         4.359	  1.876e-03 	
         4.379	  1.874e-03 	
         4.400	  1.876e-03 	
         4.421	  1.884e-03 	
         4.441	  1.874e-03 	
         4.461	  1.864e-03 	
         4.479	  1.886e-03 	
         4.499	  1.876e-03 	
         4.521	  1.874e-03 	
         4.541	  1.872e-03 	
         4.561	  1.876e-03 	
         4.579	  1.878e-03 	
         4.600	  1.868e-03 	
         4.620	  1.868e-03 	
         4.641	  1.870e-03 	
         4.660	  1.880e-03 	
         4.680	  1.872e-03 	
         4.700	  1.876e-03 	
         4.721	  1.874e-03 	
         4.741	  1.874e-03 	
         4.761	  1.878e-03 	
         4.780	  1.868e-03 	
         4.801	  1.878e-03 	
         4.821	  1.880e-03 	
         4.839	  1.870e-03 	
         4.861	  1.874e-03 	
         4.880	  1.874e-03 	
         4.901	  1.872e-03 	
         4.921	  1.876e-03 	
         4.941	  1.876e-03 	
         4.960	  1.876e-03 	
         4.980	  1.870e-03 	
         5.001	  1.870e-03 	
         5.021	  1.868e-03 	
         5.040	  1.872e-03 	
         5.061	  1.862e-03 	
         5.080	  1.880e-03 	
         5.101	  1.876e-03 	
         5.121	  1.878e-03 	
         5.140	  1.872e-03 	
         5.161	  1.868e-03 	
         5.180	  1.866e-03 	
         5.201	  1.870e-03 	
         5.221	  1.872e-03 	
         5.241	  1.876e-03 	
         5.260	  1.866e-03 	
         5.280	  1.868e-03 	
         5.301	  1.870e-03 	
         5.321	  1.874e-03 	
         5.340	  1.872e-03 	
         5.361	  1.874e-03 	
         5.379	  1.872e-03 	
         5.399	  1.874e-03 	
         5.421	  1.864e-03 	
         5.441	  1.872e-03 	
         5.461	  1.872e-03 	
         5.480	  1.874e-03 	
         5.501	  1.870e-03 	
         5.521	  1.862e-03 	
         5.541	  1.872e-03 	
         5.560	  1.870e-03 	
         5.579	  1.862e-03 	
         5.601	  1.876e-03 	
         5.621	  1.862e-03 	
         5.641	  1.866e-03 	
         5.661	  1.872e-03 	
         5.680	  1.864e-03 	
         5.699	  1.870e-03 	
         5.721	  1.870e-03 	
         5.739	  1.874e-03 	
         5.761	  1.872e-03 	
         5.779	  1.876e-03 	
         5.801	  1.868e-03 	
         5.820	  1.882e-03 	
         5.840	  1.868e-03 	
         5.861	  1.868e-03 	
         5.880	  1.876e-03 	
         5.901	  1.872e-03 	
         5.920	  1.876e-03 	
         5.941	  1.878e-03 	
         5.961	  1.876e-03 	
         5.980	  1.876e-03 	
         6.000	  1.880e-03 	
         6.021	  1.870e-03 	
         6.041	  1.874e-03 	
         6.061	  1.876e-03 	
         6.079	  1.872e-03 	
         6.101	  1.858e-03 	
         6.121	  1.876e-03 	
         6.141	  1.874e-03 	
         6.160	  1.870e-03 	
         6.180	  1.876e-03 	
         6.201	  1.874e-03 	
         6.221	  1.870e-03 	
         6.240	  1.870e-03 	
         6.260	  1.874e-03 	
         6.280	  1.866e-03 	
         6.301	  1.868e-03 	
         6.321	  1.876e-03 	
         6.341	  1.872e-03 	
         6.359	  1.872e-03 	
         6.380	  1.878e-03 	
         6.401	  1.886e-03 	
         6.421	  1.878e-03 	
         6.440	  1.884e-03 	
         6.461	  1.872e-03 	
         6.480	  1.882e-03 	
         6.501	  1.872e-03 	
         6.521	  1.882e-03 	
         6.541	  1.876e-03 	
         6.561	  1.878e-03 	
         6.579	  1.868e-03 	
         6.601	  1.878e-03 	
         6.621	  1.876e-03 	
         6.641	  1.874e-03 	
         6.661	  1.878e-03 	
         6.679	  1.874e-03 	
         6.701	  1.876e-03 	
         6.721	  1.872e-03 	
         6.741	  1.874e-03 	
         6.761	  1.870e-03 	
