;PC Software:StarLab Version 3.62 Build 1
! ******* Warning: Do not modify this file. Changes may prevent   ********
! ******* the StarLab Log reader from opening the file correctly. ********
;Logged:24/01/2022 at 15:10:20
;File Version:5
;Time Resolution:1 microseconds
;Log Settings:Stop after:period: 00:05:00
;Graph Mode:Merge
;Graph Type:Line
;Notes:                                                            

;Channel A:Vega Pyroelectric PE50BF-DIF (s/n:571777)  VG2.54 (s/n:547613)

;Channel A:Details
;Name:PE50BF-DIF
;Graph Color:RGB(14,104,168)
;Units:J
;Settings:Measuring:Energy
;Settings:Wavelength:1064
;Settings:Range:40.0mJ
;Settings:Diffuser:N/A
;Settings:Pulse Width:1.0mS
;Settings:Threshold:N/A

;Channel A:Statistics
;Min:5.580mJ             
;Max:5.730mJ             
;Average:5.611mJ             
;Std.Dev.:13.69uJ             
;Overrange:0                   
;Total Pulses:2144                
;--------------------


;First Pulse Arrived : 24/01/2022 at 15:10:20
  Timestamp   	  Channel A  	
         0.000	  5.610e-03 	
         0.018	  5.610e-03 	
         0.040	  5.610e-03 	
         0.060	  5.630e-03 	
         0.078	  5.610e-03 	
         0.100	  5.630e-03 	
         0.119	  5.630e-03 	
         0.140	  5.610e-03 	
         0.160	  5.630e-03 	
         0.180	  5.630e-03 	
         0.200	  5.630e-03 	
         0.218	  5.630e-03 	
         0.240	  5.610e-03 	
         0.260	  5.610e-03 	
         0.280	  5.630e-03 	
         0.300	  5.630e-03 	
         0.318	  5.630e-03 	
         0.340	  5.610e-03 	
         0.359	  5.610e-03 	
         0.380	  5.630e-03 	
         0.399	  5.630e-03 	
         0.418	  5.630e-03 	
         0.440	  5.630e-03 	
         0.460	  5.630e-03 	
         0.480	  5.610e-03 	
         0.500	  5.650e-03 	
         0.518	  5.630e-03 	
         0.539	  5.630e-03 	
         0.560	  5.630e-03 	
         0.580	  5.630e-03 	
         0.600	  5.610e-03 	
         0.619	  5.610e-03 	
         0.638	  5.610e-03 	
         0.660	  5.610e-03 	
         0.680	  5.630e-03 	
         0.700	  5.610e-03 	
         0.718	  5.630e-03 	
         0.739	  5.610e-03 	
         0.760	  5.610e-03 	
         0.780	  5.610e-03 	
         0.798	  5.610e-03 	
         0.819	  5.610e-03 	
         0.838	  5.590e-03 	
         0.858	  5.610e-03 	
         0.880	  5.590e-03 	
         0.900	  5.610e-03 	
         0.919	  5.590e-03 	
         0.939	  5.610e-03 	
         0.960	  5.610e-03 	
         0.979	  5.630e-03 	
         1.000	  5.610e-03 	
         1.018	  5.610e-03 	
         1.040	  5.590e-03 	
         1.059	  5.610e-03 	
         1.078	  5.610e-03 	
         1.100	  5.590e-03 	
         1.118	  5.610e-03 	
         1.140	  5.610e-03 	
         1.160	  5.610e-03 	
         1.180	  5.610e-03 	
         1.200	  5.610e-03 	
         1.218	  5.590e-03 	
         1.240	  5.610e-03 	
         1.258	  5.610e-03 	
         1.280	  5.590e-03 	
         1.300	  5.610e-03 	
         1.319	  5.610e-03 	
         1.339	  5.610e-03 	
         1.359	  5.590e-03 	
         1.380	  5.580e-03 	
         1.400	  5.610e-03 	
         1.419	  5.610e-03 	
         1.439	  5.590e-03 	
         1.459	  5.610e-03 	
         1.479	  5.610e-03 	
         1.499	  5.650e-03 	
         1.518	  5.610e-03 	
         1.539	  5.610e-03 	
         1.560	  5.610e-03 	
         1.580	  5.610e-03 	
         1.600	  5.610e-03 	
         1.618	  5.610e-03 	
         1.639	  5.610e-03 	
         1.660	  5.610e-03 	
         1.680	  5.610e-03 	
         1.699	  5.630e-03 	
         1.719	  5.610e-03 	
         1.740	  5.610e-03 	
         1.759	  5.610e-03 	
         1.780	  5.590e-03 	
         1.800	  5.590e-03 	
         1.819	  5.610e-03 	
         1.838	  5.610e-03 	
         1.860	  5.610e-03 	
         1.880	  5.610e-03 	
         1.899	  5.630e-03 	
         1.919	  5.610e-03 	
         1.938	  5.610e-03 	
         1.960	  5.610e-03 	
         1.979	  5.610e-03 	
         2.000	  5.610e-03 	
         2.019	  5.610e-03 	
         2.040	  5.650e-03 	
         2.058	  5.590e-03 	
         2.080	  5.610e-03 	
         2.100	  5.610e-03 	
         2.118	  5.610e-03 	
         2.140	  5.610e-03 	
         2.160	  5.630e-03 	
         2.180	  5.610e-03 	
         2.200	  5.590e-03 	
         2.219	  5.610e-03 	
         2.238	  5.610e-03 	
         2.259	  5.590e-03 	
         2.278	  5.610e-03 	
         2.300	  5.630e-03 	
         2.319	  5.610e-03 	
         2.339	  5.610e-03 	
         2.360	  5.610e-03 	
         2.378	  5.610e-03 	
         2.399	  5.610e-03 	
         2.419	  5.610e-03 	
         2.439	  5.590e-03 	
         2.460	  5.610e-03 	
         2.480	  5.610e-03 	
         2.500	  5.630e-03 	
         2.518	  5.590e-03 	
         2.538	  5.610e-03 	
         2.560	  5.610e-03 	
         2.578	  5.610e-03 	
         2.600	  5.610e-03 	
         2.618	  5.590e-03 	
         2.640	  5.610e-03 	
         2.660	  5.610e-03 	
         2.680	  5.610e-03 	
         2.700	  5.610e-03 	
         2.719	  5.630e-03 	
         2.739	  5.610e-03 	
         2.760	  5.610e-03 	
         2.780	  5.610e-03 	
         2.799	  5.610e-03 	
         2.818	  5.610e-03 	
         2.839	  5.610e-03 	
         2.860	  5.610e-03 	
         2.880	  5.630e-03 	
         2.900	  5.630e-03 	
         2.919	  5.610e-03 	
         2.939	  5.610e-03 	
         2.960	  5.610e-03 	
         2.980	  5.610e-03 	
         3.000	  5.610e-03 	
         3.018	  5.610e-03 	
         3.040	  5.630e-03 	
         3.059	  5.610e-03 	
         3.079	  5.610e-03 	
         3.100	  5.610e-03 	
         3.119	  5.630e-03 	
         3.140	  5.610e-03 	
         3.158	  5.610e-03 	
         3.179	  5.610e-03 	
         3.200	  5.630e-03 	
         3.219	  5.610e-03 	
         3.240	  5.610e-03 	
         3.260	  5.610e-03 	
         3.278	  5.630e-03 	
         3.299	  5.610e-03 	
         3.318	  5.610e-03 	
         3.339	  5.630e-03 	
         3.360	  5.610e-03 	
         3.380	  5.610e-03 	
         3.399	  5.630e-03 	
         3.418	  5.610e-03 	
         3.440	  5.610e-03 	
         3.459	  5.610e-03 	
         3.480	  5.630e-03 	
         3.500	  5.650e-03 	
         3.519	  5.610e-03 	
         3.539	  5.630e-03 	
         3.559	  5.610e-03 	
         3.580	  5.590e-03 	
         3.599	  5.630e-03 	
         3.618	  5.610e-03 	
         3.638	  5.610e-03 	
         3.659	  5.610e-03 	
         3.680	  5.610e-03 	
         3.700	  5.630e-03 	
         3.719	  5.630e-03 	
         3.740	  5.610e-03 	
         3.758	  5.610e-03 	
         3.780	  5.590e-03 	
         3.800	  5.610e-03 	
         3.819	  5.610e-03 	
         3.840	  5.590e-03 	
         3.858	  5.610e-03 	
         3.880	  5.610e-03 	
         3.899	  5.610e-03 	
         3.919	  5.610e-03 	
         3.939	  5.580e-03 	
         3.958	  5.610e-03 	
         3.980	  5.590e-03 	
         4.000	  5.590e-03 	
         4.019	  5.590e-03 	
         4.040	  5.590e-03 	
         4.060	  5.590e-03 	
         4.080	  5.610e-03 	
         4.100	  5.610e-03 	
         4.119	  5.610e-03 	
         4.139	  5.610e-03 	
         4.160	  5.610e-03 	
         4.180	  5.610e-03 	
         4.200	  5.610e-03 	
         4.218	  5.610e-03 	
         4.240	  5.590e-03 	
         4.260	  5.590e-03 	
         4.280	  5.590e-03 	
         4.300	  5.610e-03 	
         4.318	  5.590e-03 	
         4.340	  5.610e-03 	
         4.360	  5.580e-03 	
         4.380	  5.590e-03 	
         4.400	  5.610e-03 	
         4.419	  5.610e-03 	
         4.439	  5.590e-03 	
         4.459	  5.590e-03 	
         4.480	  5.610e-03 	
         4.500	  5.630e-03 	
         4.518	  5.590e-03 	
         4.539	  5.590e-03 	
         4.558	  5.590e-03 	
         4.579	  5.610e-03 	
         4.600	  5.610e-03 	
         4.619	  5.610e-03 	
         4.639	  5.610e-03 	
         4.658	  5.610e-03 	
         4.679	  5.610e-03 	
         4.700	  5.590e-03 	
         4.719	  5.610e-03 	
         4.740	  5.610e-03 	
         4.760	  5.610e-03 	
         4.779	  5.610e-03 	
         4.800	  5.610e-03 	
         4.819	  5.590e-03 	
         4.840	  5.590e-03 	
         4.860	  5.630e-03 	
         4.880	  5.590e-03 	
         4.900	  5.590e-03 	
         4.918	  5.590e-03 	
         4.939	  5.590e-03 	
         4.960	  5.590e-03 	
         4.980	  5.580e-03 	
         4.999	  5.610e-03 	
         5.018	  5.590e-03 	
         5.038	  5.610e-03 	
         5.058	  5.590e-03 	
         5.080	  5.590e-03 	
         5.100	  5.590e-03 	
         5.118	  5.590e-03 	
         5.138	  5.610e-03 	
         5.159	  5.590e-03 	
         5.180	  5.610e-03 	
         5.200	  5.590e-03 	
         5.219	  5.590e-03 	
         5.240	  5.610e-03 	
         5.260	  5.590e-03 	
         5.280	  5.610e-03 	
         5.300	  5.610e-03 	
         5.319	  5.590e-03 	
         5.340	  5.590e-03 	
         5.360	  5.610e-03 	
         5.380	  5.670e-03 	
         5.400	  5.590e-03 	
         5.419	  5.610e-03 	
         5.440	  5.580e-03 	
         5.458	  5.590e-03 	
         5.480	  5.580e-03 	
         5.500	  5.630e-03 	
         5.519	  5.590e-03 	
         5.539	  5.590e-03 	
         5.559	  5.590e-03 	
         5.579	  5.610e-03 	
         5.599	  5.590e-03 	
         5.619	  5.590e-03 	
         5.639	  5.590e-03 	
         5.659	  5.590e-03 	
         5.679	  5.590e-03 	
         5.699	  5.590e-03 	
         5.718	  5.610e-03 	
         5.740	  5.590e-03 	
         5.760	  5.590e-03 	
         5.780	  5.590e-03 	
         5.799	  5.590e-03 	
         5.819	  5.590e-03 	
         5.839	  5.590e-03 	
         5.860	  5.590e-03 	
         5.880	  5.590e-03 	
         5.899	  5.610e-03 	
         5.918	  5.610e-03 	
         5.940	  5.610e-03 	
         5.959	  5.610e-03 	
         5.980	  5.610e-03 	
         6.000	  5.610e-03 	
         6.019	  5.590e-03 	
         6.038	  5.590e-03 	
         6.060	  5.610e-03 	
         6.080	  5.610e-03 	
         6.099	  5.610e-03 	
         6.118	  5.610e-03 	
         6.139	  5.610e-03 	
         6.159	  5.610e-03 	
         6.178	  5.610e-03 	
         6.198	  5.610e-03 	
         6.218	  5.610e-03 	
         6.238	  5.610e-03 	
         6.259	  5.610e-03 	
         6.279	  5.610e-03 	
         6.299	  5.610e-03 	
         6.319	  5.610e-03 	
         6.339	  5.610e-03 	
         6.359	  5.610e-03 	
         6.378	  5.610e-03 	
         6.400	  5.630e-03 	
         6.418	  5.610e-03 	
         6.439	  5.610e-03 	
         6.458	  5.610e-03 	
         6.480	  5.630e-03 	
         6.500	  5.630e-03 	
         6.519	  5.610e-03 	
         6.539	  5.610e-03 	
         6.559	  5.630e-03 	
         6.579	  5.610e-03 	
         6.599	  5.630e-03 	
         6.619	  5.610e-03 	
         6.640	  5.610e-03 	
         6.658	  5.630e-03 	
         6.680	  5.610e-03 	
         6.700	  5.630e-03 	
         6.719	  5.630e-03 	
         6.740	  5.610e-03 	
         6.758	  5.610e-03 	
         6.780	  5.590e-03 	
         6.799	  5.610e-03 	
         6.818	  5.610e-03 	
         6.840	  5.610e-03 	
         6.859	  5.610e-03 	
         6.878	  5.630e-03 	
         6.899	  5.610e-03 	
         6.918	  5.610e-03 	
         6.940	  5.610e-03 	
         6.960	  5.610e-03 	
         6.980	  5.590e-03 	
         7.000	  5.610e-03 	
         7.019	  5.630e-03 	
         7.040	  5.610e-03 	
         7.060	  5.590e-03 	
         7.079	  5.630e-03 	
         7.100	  5.610e-03 	
         7.119	  5.610e-03 	
         7.139	  5.610e-03 	
         7.159	  5.610e-03 	
         7.180	  5.610e-03 	
         7.200	  5.610e-03 	
         7.219	  5.630e-03 	
         7.239	  5.630e-03 	
         7.260	  5.610e-03 	
         7.280	  5.610e-03 	
         7.299	  5.610e-03 	
         7.318	  5.610e-03 	
         7.340	  5.630e-03 	
         7.360	  5.630e-03 	
         7.378	  5.630e-03 	
         7.400	  5.610e-03 	
         7.418	  5.630e-03 	
         7.440	  5.630e-03 	
         7.460	  5.610e-03 	
         7.480	  5.610e-03 	
         7.500	  5.630e-03 	
         7.519	  5.610e-03 	
         7.539	  5.610e-03 	
         7.559	  5.630e-03 	
         7.580	  5.610e-03 	
         7.600	  5.610e-03 	
         7.619	  5.590e-03 	
         7.639	  5.610e-03 	
         7.660	  5.590e-03 	
         7.680	  5.610e-03 	
         7.700	  5.610e-03 	
         7.718	  5.630e-03 	
         7.738	  5.610e-03 	
         7.758	  5.610e-03 	
         7.780	  5.610e-03 	
         7.800	  5.610e-03 	
         7.819	  5.610e-03 	
         7.839	  5.610e-03 	
         7.858	  5.610e-03 	
         7.880	  5.610e-03 	
         7.899	  5.610e-03 	
         7.918	  5.590e-03 	
         7.939	  5.610e-03 	
         7.958	  5.610e-03 	
         7.980	  5.610e-03 	
         8.000	  5.630e-03 	
         8.018	  5.610e-03 	
         8.040	  5.610e-03 	
         8.059	  5.630e-03 	
         8.079	  5.610e-03 	
         8.100	  5.610e-03 	
         8.118	  5.610e-03 	
         8.140	  5.610e-03 	
         8.160	  5.610e-03 	
         8.180	  5.610e-03 	
         8.200	  5.670e-03 	
         8.218	  5.590e-03 	
         8.240	  5.610e-03 	
         8.259	  5.610e-03 	
         8.279	  5.630e-03 	
         8.299	  5.630e-03 	
         8.320	  5.610e-03 	
         8.340	  5.610e-03 	
         8.360	  5.610e-03 	
         8.379	  5.610e-03 	
         8.399	  5.590e-03 	
         8.418	  5.610e-03 	
         8.439	  5.610e-03 	
         8.460	  5.590e-03 	
         8.480	  5.590e-03 	
         8.500	  5.650e-03 	
         8.518	  5.610e-03 	
         8.539	  5.610e-03 	
         8.559	  5.610e-03 	
         8.580	  5.610e-03 	
         8.598	  5.610e-03 	
         8.619	  5.610e-03 	
         8.639	  5.610e-03 	
         8.659	  5.610e-03 	
         8.679	  5.610e-03 	
         8.699	  5.610e-03 	
         8.718	  5.630e-03 	
         8.740	  5.610e-03 	
         8.760	  5.610e-03 	
         8.779	  5.610e-03 	
         8.798	  5.610e-03 	
         8.819	  5.610e-03 	
         8.838	  5.610e-03 	
         8.860	  5.610e-03 	
         8.879	  5.630e-03 	
         8.899	  5.630e-03 	
         8.918	  5.630e-03 	
         8.938	  5.610e-03 	
         8.959	  5.610e-03 	
         8.979	  5.610e-03 	
         9.000	  5.610e-03 	
         9.018	  5.590e-03 	
         9.040	  5.610e-03 	
         9.058	  5.610e-03 	
         9.079	  5.610e-03 	
         9.100	  5.610e-03 	
         9.118	  5.610e-03 	
         9.139	  5.610e-03 	
         9.160	  5.610e-03 	
         9.179	  5.590e-03 	
         9.200	  5.590e-03 	
         9.219	  5.590e-03 	
         9.239	  5.590e-03 	
         9.258	  5.610e-03 	
         9.280	  5.590e-03 	
         9.300	  5.610e-03 	
         9.319	  5.610e-03 	
         9.340	  5.590e-03 	
         9.360	  5.590e-03 	
         9.379	  5.590e-03 	
         9.399	  5.590e-03 	
         9.419	  5.590e-03 	
         9.439	  5.610e-03 	
         9.460	  5.590e-03 	
         9.480	  5.610e-03 	
         9.499	  5.630e-03 	
         9.519	  5.590e-03 	
         9.539	  5.590e-03 	
         9.560	  5.610e-03 	
         9.580	  5.610e-03 	
         9.600	  5.590e-03 	
         9.619	  5.610e-03 	
         9.639	  5.610e-03 	
         9.660	  5.630e-03 	
         9.680	  5.610e-03 	
         9.700	  5.630e-03 	
         9.719	  5.610e-03 	
         9.739	  5.630e-03 	
         9.760	  5.610e-03 	
         9.780	  5.610e-03 	
         9.799	  5.630e-03 	
         9.819	  5.610e-03 	
         9.839	  5.610e-03 	
         9.859	  5.590e-03 	
         9.878	  5.610e-03 	
         9.900	  5.610e-03 	
         9.918	  5.610e-03 	
         9.939	  5.610e-03 	
         9.958	  5.610e-03 	
         9.980	  5.610e-03 	
        10.000	  5.610e-03 	
        10.018	  5.610e-03 	
        10.040	  5.610e-03 	
        10.060	  5.610e-03 	
        10.079	  5.630e-03 	
        10.100	  5.610e-03 	
        10.119	  5.610e-03 	
        10.140	  5.610e-03 	
        10.159	  5.610e-03 	
        10.178	  5.610e-03 	
        10.200	  5.610e-03 	
        10.218	  5.610e-03 	
        10.239	  5.630e-03 	
        10.260	  5.630e-03 	
        10.280	  5.630e-03 	
        10.299	  5.630e-03 	
        10.319	  5.610e-03 	
        10.339	  5.610e-03 	
        10.359	  5.610e-03 	
        10.380	  5.630e-03 	
        10.400	  5.630e-03 	
        10.419	  5.610e-03 	
        10.439	  5.630e-03 	
        10.460	  5.610e-03 	
        10.480	  5.610e-03 	
        10.499	  5.630e-03 	
        10.519	  5.590e-03 	
        10.540	  5.610e-03 	
        10.560	  5.590e-03 	
        10.580	  5.590e-03 	
        10.600	  5.610e-03 	
        10.618	  5.590e-03 	
        10.639	  5.610e-03 	
        10.660	  5.610e-03 	
        10.678	  5.590e-03 	
        10.699	  5.590e-03 	
        10.720	  5.610e-03 	
        10.739	  5.590e-03 	
        10.759	  5.590e-03 	
        10.779	  5.610e-03 	
        10.798	  5.610e-03 	
        10.819	  5.630e-03 	
        10.840	  5.590e-03 	
        10.859	  5.610e-03 	
        10.879	  5.610e-03 	
        10.899	  5.610e-03 	
        10.919	  5.610e-03 	
        10.939	  5.610e-03 	
        10.960	  5.610e-03 	
        10.979	  5.610e-03 	
        11.000	  5.610e-03 	
        11.019	  5.630e-03 	
        11.039	  5.610e-03 	
        11.060	  5.610e-03 	
        11.079	  5.610e-03 	
        11.098	  5.610e-03 	
        11.119	  5.610e-03 	
        11.139	  5.610e-03 	
        11.160	  5.610e-03 	
        11.178	  5.610e-03 	
        11.199	  5.610e-03 	
        11.218	  5.590e-03 	
        11.239	  5.590e-03 	
        11.259	  5.610e-03 	
        11.279	  5.610e-03 	
        11.298	  5.610e-03 	
        11.320	  5.610e-03 	
        11.339	  5.610e-03 	
        11.359	  5.610e-03 	
        11.379	  5.610e-03 	
        11.399	  5.610e-03 	
        11.419	  5.590e-03 	
        11.440	  5.580e-03 	
        11.458	  5.590e-03 	
        11.479	  5.610e-03 	
        11.498	  5.630e-03 	
        11.518	  5.590e-03 	
        11.539	  5.580e-03 	
        11.559	  5.590e-03 	
        11.579	  5.590e-03 	
        11.600	  5.590e-03 	
        11.618	  5.610e-03 	
        11.640	  5.610e-03 	
        11.658	  5.590e-03 	
        11.680	  5.590e-03 	
        11.698	  5.610e-03 	
        11.719	  5.630e-03 	
        11.739	  5.610e-03 	
        11.760	  5.610e-03 	
        11.778	  5.590e-03 	
        11.800	  5.590e-03 	
        11.818	  5.610e-03 	
        11.839	  5.590e-03 	
        11.858	  5.590e-03 	
        11.880	  5.610e-03 	
        11.898	  5.610e-03 	
        11.918	  5.590e-03 	
        11.939	  5.610e-03 	
        11.960	  5.610e-03 	
        11.979	  5.610e-03 	
        12.000	  5.610e-03 	
        12.019	  5.610e-03 	
        12.040	  5.610e-03 	
        12.059	  5.610e-03 	
        12.080	  5.610e-03 	
        12.098	  5.590e-03 	
        12.120	  5.610e-03 	
        12.140	  5.610e-03 	
        12.159	  5.590e-03 	
        12.179	  5.610e-03 	
        12.200	  5.610e-03 	
        12.218	  5.610e-03 	
        12.240	  5.590e-03 	
        12.259	  5.610e-03 	
        12.280	  5.610e-03 	
        12.298	  5.610e-03 	
        12.319	  5.610e-03 	
        12.338	  5.610e-03 	
        12.360	  5.610e-03 	
        12.378	  5.610e-03 	
        12.400	  5.610e-03 	
        12.418	  5.610e-03 	
        12.439	  5.610e-03 	
        12.458	  5.610e-03 	
        12.478	  5.610e-03 	
        12.500	  5.630e-03 	
        12.520	  5.630e-03 	
        12.539	  5.610e-03 	
        12.560	  5.590e-03 	
        12.578	  5.590e-03 	
        12.599	  5.610e-03 	
        12.619	  5.610e-03 	
        12.640	  5.610e-03 	
        12.658	  5.630e-03 	
        12.680	  5.610e-03 	
        12.699	  5.610e-03 	
        12.718	  5.630e-03 	
        12.738	  5.610e-03 	
        12.760	  5.610e-03 	
        12.779	  5.610e-03 	
        12.800	  5.610e-03 	
        12.819	  5.590e-03 	
        12.838	  5.610e-03 	
        12.859	  5.610e-03 	
        12.879	  5.610e-03 	
        12.899	  5.610e-03 	
        12.919	  5.610e-03 	
        12.938	  5.610e-03 	
        12.959	  5.630e-03 	
        12.980	  5.610e-03 	
        13.000	  5.610e-03 	
        13.019	  5.630e-03 	
        13.040	  5.610e-03 	
        13.059	  5.610e-03 	
        13.079	  5.610e-03 	
        13.099	  5.610e-03 	
        13.120	  5.610e-03 	
        13.138	  5.610e-03 	
        13.160	  5.630e-03 	
        13.179	  5.590e-03 	
        13.198	  5.610e-03 	
        13.219	  5.610e-03 	
        13.239	  5.610e-03 	
        13.260	  5.610e-03 	
        13.280	  5.610e-03 	
        13.298	  5.610e-03 	
        13.319	  5.610e-03 	
        13.338	  5.610e-03 	
        13.360	  5.610e-03 	
        13.379	  5.610e-03 	
        13.400	  5.610e-03 	
        13.419	  5.610e-03 	
        13.439	  5.610e-03 	
        13.459	  5.630e-03 	
        13.479	  5.580e-03 	
        13.498	  5.630e-03 	
        13.519	  5.610e-03 	
        13.540	  5.590e-03 	
        13.560	  5.610e-03 	
        13.579	  5.610e-03 	
        13.600	  5.610e-03 	
        13.619	  5.590e-03 	
        13.638	  5.610e-03 	
        13.658	  5.610e-03 	
        13.680	  5.610e-03 	
        13.700	  5.610e-03 	
        13.718	  5.630e-03 	
        13.739	  5.610e-03 	
        13.760	  5.630e-03 	
        13.778	  5.610e-03 	
        13.799	  5.610e-03 	
        13.819	  5.610e-03 	
        13.840	  5.610e-03 	
        13.860	  5.610e-03 	
        13.879	  5.630e-03 	
        13.900	  5.610e-03 	
        13.919	  5.610e-03 	
        13.939	  5.610e-03 	
        13.959	  5.610e-03 	
        13.979	  5.610e-03 	
        14.000	  5.590e-03 	
        14.019	  5.610e-03 	
        14.039	  5.590e-03 	
        14.059	  5.630e-03 	
        14.080	  5.610e-03 	
        14.100	  5.610e-03 	
        14.119	  5.610e-03 	
        14.139	  5.590e-03 	
        14.159	  5.630e-03 	
        14.178	  5.630e-03 	
        14.200	  5.610e-03 	
        14.218	  5.610e-03 	
        14.239	  5.610e-03 	
        14.260	  5.590e-03 	
        14.280	  5.610e-03 	
        14.300	  5.630e-03 	
        14.319	  5.610e-03 	
        14.338	  5.610e-03 	
        14.359	  5.670e-03 	
        14.379	  5.610e-03 	
        14.400	  5.610e-03 	
        14.419	  5.610e-03 	
        14.439	  5.610e-03 	
        14.459	  5.610e-03 	
        14.480	  5.610e-03 	
        14.498	  5.630e-03 	
        14.519	  5.630e-03 	
        14.539	  5.610e-03 	
        14.560	  5.610e-03 	
        14.579	  5.610e-03 	
        14.599	  5.610e-03 	
        14.619	  5.630e-03 	
        14.639	  5.610e-03 	
        14.659	  5.610e-03 	
        14.679	  5.610e-03 	
        14.699	  5.610e-03 	
        14.718	  5.630e-03 	
        14.739	  5.630e-03 	
        14.760	  5.610e-03 	
        14.779	  5.610e-03 	
        14.799	  5.610e-03 	
        14.818	  5.610e-03 	
        14.839	  5.610e-03 	
        14.860	  5.610e-03 	
        14.879	  5.610e-03 	
        14.900	  5.610e-03 	
        14.919	  5.630e-03 	
        14.940	  5.610e-03 	
        14.960	  5.610e-03 	
        14.980	  5.630e-03 	
        15.000	  5.610e-03 	
        15.019	  5.630e-03 	
        15.038	  5.630e-03 	
        15.059	  5.610e-03 	
        15.080	  5.630e-03 	
        15.100	  5.630e-03 	
        15.119	  5.630e-03 	
        15.140	  5.630e-03 	
        15.158	  5.630e-03 	
        15.179	  5.630e-03 	
        15.200	  5.630e-03 	
        15.219	  5.630e-03 	
        15.239	  5.610e-03 	
        15.259	  5.630e-03 	
        15.280	  5.630e-03 	
        15.299	  5.630e-03 	
        15.319	  5.610e-03 	
        15.340	  5.610e-03 	
        15.360	  5.610e-03 	
        15.379	  5.630e-03 	
        15.400	  5.610e-03 	
        15.418	  5.590e-03 	
        15.439	  5.610e-03 	
        15.458	  5.610e-03 	
        15.479	  5.610e-03 	
        15.498	  5.650e-03 	
        15.518	  5.610e-03 	
        15.539	  5.610e-03 	
        15.559	  5.610e-03 	
        15.579	  5.610e-03 	
        15.600	  5.610e-03 	
        15.619	  5.590e-03 	
        15.639	  5.610e-03 	
        15.659	  5.610e-03 	
        15.680	  5.610e-03 	
        15.699	  5.610e-03 	
        15.718	  5.650e-03 	
        15.739	  5.610e-03 	
        15.760	  5.630e-03 	
        15.780	  5.610e-03 	
        15.800	  5.610e-03 	
        15.818	  5.610e-03 	
        15.839	  5.610e-03 	
        15.858	  5.610e-03 	
        15.879	  5.610e-03 	
        15.899	  5.630e-03 	
        15.919	  5.610e-03 	
        15.938	  5.610e-03 	
        15.960	  5.590e-03 	
        15.978	  5.610e-03 	
        16.000	  5.610e-03 	
        16.018	  5.610e-03 	
        16.040	  5.630e-03 	
        16.058	  5.610e-03 	
        16.080	  5.630e-03 	
        16.100	  5.630e-03 	
        16.119	  5.610e-03 	
        16.139	  5.610e-03 	
        16.160	  5.610e-03 	
        16.179	  5.610e-03 	
        16.200	  5.610e-03 	
        16.219	  5.610e-03 	
        16.240	  5.630e-03 	
        16.259	  5.630e-03 	
        16.280	  5.630e-03 	
        16.299	  5.610e-03 	
        16.319	  5.610e-03 	
        16.340	  5.630e-03 	
        16.360	  5.610e-03 	
        16.379	  5.650e-03 	
        16.400	  5.610e-03 	
        16.418	  5.610e-03 	
        16.440	  5.610e-03 	
        16.460	  5.630e-03 	
        16.479	  5.610e-03 	
        16.500	  5.630e-03 	
        16.518	  5.610e-03 	
        16.539	  5.630e-03 	
        16.560	  5.610e-03 	
        16.580	  5.630e-03 	
        16.600	  5.630e-03 	
        16.619	  5.610e-03 	
        16.639	  5.610e-03 	
        16.659	  5.610e-03 	
        16.680	  5.610e-03 	
        16.699	  5.610e-03 	
        16.719	  5.630e-03 	
        16.739	  5.610e-03 	
        16.760	  5.610e-03 	
        16.779	  5.610e-03 	
        16.800	  5.610e-03 	
        16.819	  5.610e-03 	
        16.839	  5.590e-03 	
        16.859	  5.590e-03 	
        16.879	  5.590e-03 	
        16.899	  5.610e-03 	
        16.919	  5.610e-03 	
        16.939	  5.610e-03 	
        16.959	  5.610e-03 	
        16.978	  5.610e-03 	
        16.999	  5.590e-03 	
        17.018	  5.610e-03 	
        17.038	  5.610e-03 	
        17.058	  5.610e-03 	
        17.079	  5.610e-03 	
        17.099	  5.610e-03 	
        17.119	  5.610e-03 	
        17.138	  5.610e-03 	
        17.159	  5.610e-03 	
        17.179	  5.630e-03 	
        17.199	  5.610e-03 	
        17.218	  5.610e-03 	
        17.238	  5.610e-03 	
        17.258	  5.590e-03 	
        17.278	  5.610e-03 	
        17.299	  5.630e-03 	
        17.319	  5.610e-03 	
        17.339	  5.590e-03 	
        17.359	  5.610e-03 	
        17.378	  5.610e-03 	
        17.399	  5.610e-03 	
        17.418	  5.610e-03 	
        17.438	  5.630e-03 	
        17.459	  5.630e-03 	
        17.479	  5.610e-03 	
        17.499	  5.630e-03 	
        17.520	  5.630e-03 	
        17.538	  5.630e-03 	
        17.559	  5.610e-03 	
        17.579	  5.610e-03 	
        17.600	  5.610e-03 	
        17.618	  5.610e-03 	
        17.640	  5.610e-03 	
        17.660	  5.610e-03 	
        17.680	  5.630e-03 	
        17.699	  5.610e-03 	
        17.719	  5.590e-03 	
        17.740	  5.610e-03 	
        17.760	  5.610e-03 	
        17.780	  5.610e-03 	
        17.800	  5.610e-03 	
        17.820	  5.610e-03 	
        17.840	  5.590e-03 	
        17.859	  5.610e-03 	
        17.879	  5.610e-03 	
        17.899	  5.610e-03 	
        17.918	  5.610e-03 	
        17.939	  5.630e-03 	
        17.959	  5.610e-03 	
        17.980	  5.590e-03 	
        18.000	  5.610e-03 	
        18.019	  5.610e-03 	
        18.040	  5.610e-03 	
        18.059	  5.610e-03 	
        18.080	  5.610e-03 	
        18.099	  5.630e-03 	
        18.119	  5.610e-03 	
        18.139	  5.610e-03 	
        18.159	  5.610e-03 	
        18.178	  5.610e-03 	
        18.199	  5.590e-03 	
        18.218	  5.610e-03 	
        18.238	  5.610e-03 	
        18.258	  5.610e-03 	
        18.279	  5.610e-03 	
        18.298	  5.610e-03 	
        18.319	  5.610e-03 	
        18.339	  5.610e-03 	
        18.359	  5.630e-03 	
        18.379	  5.630e-03 	
        18.399	  5.610e-03 	
        18.419	  5.610e-03 	
        18.438	  5.610e-03 	
        18.458	  5.610e-03 	
        18.479	  5.610e-03 	
        18.498	  5.630e-03 	
        18.519	  5.610e-03 	
        18.539	  5.610e-03 	
        18.559	  5.610e-03 	
        18.580	  5.630e-03 	
        18.598	  5.590e-03 	
        18.618	  5.610e-03 	
        18.640	  5.630e-03 	
        18.660	  5.610e-03 	
        18.680	  5.610e-03 	
        18.700	  5.610e-03 	
        18.720	  5.630e-03 	
        18.740	  5.630e-03 	
        18.759	  5.610e-03 	
        18.780	  5.630e-03 	
        18.800	  5.610e-03 	
        18.818	  5.630e-03 	
        18.840	  5.610e-03 	
        18.858	  5.630e-03 	
        18.880	  5.630e-03 	
        18.899	  5.630e-03 	
        18.919	  5.630e-03 	
        18.939	  5.630e-03 	
        18.960	  5.610e-03 	
        18.978	  5.610e-03 	
        19.000	  5.630e-03 	
        19.019	  5.610e-03 	
        19.040	  5.590e-03 	
        19.058	  5.610e-03 	
        19.079	  5.610e-03 	
        19.099	  5.610e-03 	
        19.119	  5.610e-03 	
        19.138	  5.610e-03 	
        19.160	  5.590e-03 	
        19.178	  5.590e-03 	
        19.200	  5.610e-03 	
        19.218	  5.630e-03 	
        19.240	  5.630e-03 	
        19.260	  5.630e-03 	
        19.280	  5.610e-03 	
        19.298	  5.610e-03 	
        19.319	  5.610e-03 	
        19.338	  5.610e-03 	
        19.359	  5.610e-03 	
        19.378	  5.610e-03 	
        19.400	  5.590e-03 	
        19.419	  5.610e-03 	
        19.439	  5.610e-03 	
        19.458	  5.610e-03 	
        19.479	  5.610e-03 	
        19.498	  5.630e-03 	
        19.519	  5.630e-03 	
        19.539	  5.610e-03 	
        19.559	  5.610e-03 	
        19.579	  5.630e-03 	
        19.600	  5.610e-03 	
        19.618	  5.610e-03 	
        19.640	  5.610e-03 	
        19.660	  5.610e-03 	
        19.680	  5.590e-03 	
        19.700	  5.610e-03 	
        19.720	  5.630e-03 	
        19.740	  5.610e-03 	
        19.758	  5.610e-03 	
        19.780	  5.610e-03 	
        19.800	  5.610e-03 	
        19.819	  5.610e-03 	
        19.838	  5.610e-03 	
        19.859	  5.610e-03 	
        19.879	  5.610e-03 	
        19.898	  5.610e-03 	
        19.919	  5.610e-03 	
        19.939	  5.590e-03 	
        19.959	  5.610e-03 	
        19.979	  5.590e-03 	
        20.000	  5.610e-03 	
        20.018	  5.610e-03 	
        20.039	  5.610e-03 	
        20.059	  5.610e-03 	
        20.080	  5.610e-03 	
        20.099	  5.610e-03 	
        20.119	  5.610e-03 	
        20.139	  5.610e-03 	
        20.159	  5.610e-03 	
        20.179	  5.590e-03 	
        20.199	  5.610e-03 	
        20.219	  5.590e-03 	
        20.240	  5.610e-03 	
        20.259	  5.610e-03 	
        20.280	  5.630e-03 	
        20.300	  5.590e-03 	
        20.319	  5.610e-03 	
        20.340	  5.590e-03 	
        20.360	  5.580e-03 	
        20.379	  5.610e-03 	
        20.399	  5.610e-03 	
        20.418	  5.590e-03 	
        20.439	  5.590e-03 	
        20.459	  5.590e-03 	
        20.479	  5.610e-03 	
        20.499	  5.610e-03 	
        20.519	  5.710e-03 	
        20.539	  5.610e-03 	
        20.559	  5.610e-03 	
        20.579	  5.590e-03 	
        20.599	  5.610e-03 	
        20.618	  5.590e-03 	
        20.638	  5.590e-03 	
        20.659	  5.610e-03 	
        20.680	  5.630e-03 	
        20.699	  5.610e-03 	
        20.719	  5.630e-03 	
        20.739	  5.630e-03 	
        20.760	  5.610e-03 	
        20.780	  5.610e-03 	
        20.799	  5.610e-03 	
        20.819	  5.610e-03 	
        20.839	  5.610e-03 	
        20.858	  5.610e-03 	
        20.880	  5.610e-03 	
        20.900	  5.610e-03 	
        20.918	  5.610e-03 	
        20.939	  5.630e-03 	
        20.960	  5.630e-03 	
        20.979	  5.590e-03 	
        21.000	  5.630e-03 	
        21.019	  5.610e-03 	
        21.040	  5.610e-03 	
        21.060	  5.610e-03 	
        21.080	  5.610e-03 	
        21.098	  5.630e-03 	
        21.118	  5.610e-03 	
        21.140	  5.610e-03 	
        21.160	  5.630e-03 	
        21.179	  5.610e-03 	
        21.199	  5.610e-03 	
        21.219	  5.610e-03 	
        21.240	  5.610e-03 	
        21.260	  5.610e-03 	
        21.280	  5.610e-03 	
        21.299	  5.610e-03 	
        21.319	  5.610e-03 	
        21.340	  5.610e-03 	
        21.360	  5.610e-03 	
        21.380	  5.610e-03 	
        21.400	  5.610e-03 	
        21.418	  5.610e-03 	
        21.440	  5.610e-03 	
        21.460	  5.610e-03 	
        21.480	  5.610e-03 	
        21.499	  5.650e-03 	
        21.519	  5.610e-03 	
        21.540	  5.610e-03 	
        21.558	  5.610e-03 	
        21.579	  5.630e-03 	
        21.600	  5.610e-03 	
        21.619	  5.610e-03 	
        21.639	  5.610e-03 	
        21.659	  5.630e-03 	
        21.680	  5.610e-03 	
        21.700	  5.610e-03 	
        21.718	  5.630e-03 	
        21.740	  5.590e-03 	
        21.760	  5.610e-03 	
        21.780	  5.630e-03 	
        21.800	  5.610e-03 	
        21.819	  5.630e-03 	
        21.839	  5.610e-03 	
        21.860	  5.610e-03 	
        21.880	  5.610e-03 	
        21.899	  5.610e-03 	
        21.918	  5.610e-03 	
        21.940	  5.610e-03 	
        21.958	  5.630e-03 	
        21.980	  5.610e-03 	
        22.000	  5.610e-03 	
        22.018	  5.610e-03 	
        22.040	  5.610e-03 	
        22.060	  5.610e-03 	
        22.079	  5.610e-03 	
        22.100	  5.610e-03 	
        22.119	  5.630e-03 	
        22.140	  5.610e-03 	
        22.160	  5.610e-03 	
        22.179	  5.630e-03 	
        22.199	  5.610e-03 	
        22.218	  5.610e-03 	
        22.239	  5.610e-03 	
        22.260	  5.610e-03 	
        22.280	  5.610e-03 	
        22.299	  5.610e-03 	
        22.319	  5.630e-03 	
        22.340	  5.590e-03 	
        22.360	  5.610e-03 	
        22.380	  5.610e-03 	
        22.400	  5.630e-03 	
        22.419	  5.610e-03 	
        22.440	  5.630e-03 	
        22.458	  5.630e-03 	
        22.480	  5.630e-03 	
        22.499	  5.650e-03 	
        22.519	  5.610e-03 	
        22.540	  5.630e-03 	
        22.560	  5.610e-03 	
        22.580	  5.610e-03 	
        22.600	  5.610e-03 	
        22.619	  5.610e-03 	
        22.639	  5.610e-03 	
        22.659	  5.610e-03 	
        22.678	  5.610e-03 	
        22.700	  5.610e-03 	
        22.718	  5.610e-03 	
        22.740	  5.610e-03 	
        22.760	  5.630e-03 	
        22.780	  5.610e-03 	
        22.799	  5.610e-03 	
        22.819	  5.610e-03 	
        22.839	  5.610e-03 	
        22.860	  5.610e-03 	
        22.880	  5.610e-03 	
        22.900	  5.610e-03 	
        22.918	  5.590e-03 	
        22.939	  5.610e-03 	
        22.958	  5.610e-03 	
        22.980	  5.610e-03 	
        23.000	  5.610e-03 	
        23.019	  5.610e-03 	
        23.038	  5.610e-03 	
        23.060	  5.610e-03 	
        23.080	  5.610e-03 	
        23.098	  5.610e-03 	
        23.119	  5.610e-03 	
        23.139	  5.610e-03 	
        23.158	  5.610e-03 	
        23.180	  5.610e-03 	
        23.200	  5.590e-03 	
        23.219	  5.630e-03 	
        23.240	  5.610e-03 	
        23.260	  5.590e-03 	
        23.278	  5.590e-03 	
        23.299	  5.590e-03 	
        23.319	  5.590e-03 	
        23.340	  5.650e-03 	
        23.360	  5.610e-03 	
        23.380	  5.590e-03 	
        23.400	  5.610e-03 	
        23.418	  5.590e-03 	
        23.440	  5.590e-03 	
        23.460	  5.590e-03 	
        23.480	  5.590e-03 	
        23.500	  5.630e-03 	
        23.519	  5.590e-03 	
        23.540	  5.610e-03 	
        23.560	  5.610e-03 	
        23.580	  5.610e-03 	
        23.599	  5.590e-03 	
        23.619	  5.610e-03 	
        23.640	  5.610e-03 	
        23.660	  5.610e-03 	
        23.678	  5.590e-03 	
        23.700	  5.590e-03 	
        23.718	  5.610e-03 	
        23.739	  5.610e-03 	
        23.760	  5.590e-03 	
        23.780	  5.610e-03 	
        23.799	  5.610e-03 	
        23.819	  5.610e-03 	
        23.840	  5.610e-03 	
        23.860	  5.630e-03 	
        23.880	  5.610e-03 	
        23.899	  5.610e-03 	
        23.919	  5.610e-03 	
        23.940	  5.590e-03 	
        23.960	  5.610e-03 	
        23.980	  5.610e-03 	
        24.000	  5.610e-03 	
        24.019	  5.610e-03 	
        24.038	  5.630e-03 	
        24.060	  5.590e-03 	
        24.080	  5.610e-03 	
        24.100	  5.590e-03 	
        24.119	  5.610e-03 	
        24.139	  5.630e-03 	
        24.160	  5.630e-03 	
        24.180	  5.610e-03 	
        24.200	  5.610e-03 	
        24.219	  5.610e-03 	
        24.238	  5.610e-03 	
        24.260	  5.610e-03 	
        24.280	  5.610e-03 	
        24.300	  5.610e-03 	
        24.319	  5.610e-03 	
        24.340	  5.610e-03 	
        24.358	  5.610e-03 	
        24.380	  5.610e-03 	
        24.399	  5.610e-03 	
        24.419	  5.630e-03 	
        24.440	  5.590e-03 	
        24.459	  5.610e-03 	
        24.478	  5.630e-03 	
        24.500	  5.650e-03 	
        24.519	  5.610e-03 	
        24.538	  5.610e-03 	
        24.560	  5.610e-03 	
        24.580	  5.610e-03 	
        24.600	  5.630e-03 	
        24.619	  5.630e-03 	
        24.639	  5.610e-03 	
        24.658	  5.630e-03 	
        24.679	  5.610e-03 	
        24.698	  5.610e-03 	
        24.719	  5.630e-03 	
        24.740	  5.610e-03 	
        24.759	  5.610e-03 	
        24.780	  5.610e-03 	
        24.800	  5.610e-03 	
        24.819	  5.610e-03 	
        24.840	  5.630e-03 	
        24.860	  5.610e-03 	
        24.880	  5.610e-03 	
        24.898	  5.590e-03 	
        24.918	  5.610e-03 	
        24.939	  5.590e-03 	
        24.960	  5.610e-03 	
        24.980	  5.610e-03 	
        24.999	  5.610e-03 	
        25.019	  5.610e-03 	
        25.040	  5.610e-03 	
        25.059	  5.590e-03 	
        25.080	  5.610e-03 	
        25.100	  5.610e-03 	
        25.119	  5.590e-03 	
        25.138	  5.610e-03 	
        25.160	  5.610e-03 	
        25.180	  5.610e-03 	
        25.200	  5.610e-03 	
        25.219	  5.610e-03 	
        25.239	  5.590e-03 	
        25.259	  5.610e-03 	
        25.280	  5.610e-03 	
        25.300	  5.610e-03 	
        25.319	  5.610e-03 	
        25.338	  5.610e-03 	
        25.360	  5.610e-03 	
        25.380	  5.610e-03 	
        25.400	  5.610e-03 	
        25.419	  5.590e-03 	
        25.438	  5.610e-03 	
        25.459	  5.610e-03 	
        25.480	  5.610e-03 	
        25.499	  5.650e-03 	
        25.519	  5.630e-03 	
        25.540	  5.610e-03 	
        25.560	  5.610e-03 	
        25.580	  5.610e-03 	
        25.600	  5.610e-03 	
        25.619	  5.610e-03 	
        25.640	  5.610e-03 	
        25.659	  5.610e-03 	
        25.680	  5.610e-03 	
        25.700	  5.590e-03 	
        25.718	  5.610e-03 	
        25.740	  5.610e-03 	
        25.760	  5.610e-03 	
        25.780	  5.630e-03 	
        25.800	  5.610e-03 	
        25.819	  5.590e-03 	
        25.840	  5.610e-03 	
        25.860	  5.590e-03 	
        25.879	  5.590e-03 	
        25.900	  5.610e-03 	
        25.919	  5.630e-03 	
        25.940	  5.610e-03 	
        25.960	  5.610e-03 	
        25.979	  5.610e-03 	
        25.998	  5.610e-03 	
        26.019	  5.610e-03 	
        26.040	  5.610e-03 	
        26.060	  5.590e-03 	
        26.079	  5.610e-03 	
        26.099	  5.610e-03 	
        26.119	  5.630e-03 	
        26.139	  5.610e-03 	
        26.160	  5.630e-03 	
        26.180	  5.630e-03 	
        26.199	  5.630e-03 	
        26.218	  5.610e-03 	
        26.239	  5.610e-03 	
        26.260	  5.630e-03 	
        26.279	  5.630e-03 	
        26.299	  5.610e-03 	
        26.319	  5.610e-03 	
        26.339	  5.610e-03 	
        26.360	  5.610e-03 	
        26.380	  5.610e-03 	
        26.400	  5.630e-03 	
        26.419	  5.610e-03 	
        26.440	  5.630e-03 	
        26.460	  5.630e-03 	
        26.480	  5.610e-03 	
        26.499	  5.630e-03 	
        26.519	  5.610e-03 	
        26.539	  5.610e-03 	
        26.560	  5.610e-03 	
        26.580	  5.630e-03 	
        26.599	  5.610e-03 	
        26.618	  5.610e-03 	
        26.640	  5.610e-03 	
        26.660	  5.610e-03 	
        26.680	  5.630e-03 	
        26.700	  5.610e-03 	
        26.718	  5.650e-03 	
        26.738	  5.610e-03 	
        26.760	  5.630e-03 	
        26.780	  5.630e-03 	
        26.800	  5.650e-03 	
        26.819	  5.630e-03 	
        26.839	  5.610e-03 	
        26.860	  5.630e-03 	
        26.880	  5.630e-03 	
        26.900	  5.630e-03 	
        26.919	  5.610e-03 	
        26.940	  5.630e-03 	
        26.960	  5.630e-03 	
        26.978	  5.630e-03 	
        27.000	  5.630e-03 	
        27.019	  5.630e-03 	
        27.040	  5.630e-03 	
        27.060	  5.630e-03 	
        27.079	  5.630e-03 	
        27.100	  5.630e-03 	
        27.119	  5.630e-03 	
        27.140	  5.630e-03 	
        27.160	  5.610e-03 	
        27.180	  5.630e-03 	
        27.200	  5.630e-03 	
        27.219	  5.630e-03 	
        27.239	  5.630e-03 	
        27.260	  5.610e-03 	
        27.280	  5.610e-03 	
        27.300	  5.610e-03 	
        27.319	  5.610e-03 	
        27.340	  5.610e-03 	
        27.359	  5.630e-03 	
        27.380	  5.610e-03 	
        27.400	  5.610e-03 	
        27.419	  5.610e-03 	
        27.438	  5.610e-03 	
        27.460	  5.610e-03 	
        27.480	  5.610e-03 	
        27.500	  5.630e-03 	
        27.519	  5.610e-03 	
        27.538	  5.610e-03 	
        27.560	  5.610e-03 	
        27.580	  5.590e-03 	
        27.600	  5.610e-03 	
        27.619	  5.590e-03 	
        27.640	  5.610e-03 	
        27.658	  5.610e-03 	
        27.680	  5.610e-03 	
        27.700	  5.590e-03 	
        27.719	  5.630e-03 	
        27.740	  5.610e-03 	
        27.758	  5.610e-03 	
        27.780	  5.610e-03 	
        27.800	  5.630e-03 	
        27.819	  5.610e-03 	
        27.840	  5.590e-03 	
        27.860	  5.630e-03 	
        27.880	  5.590e-03 	
        27.898	  5.610e-03 	
        27.919	  5.610e-03 	
        27.940	  5.610e-03 	
        27.959	  5.590e-03 	
        27.980	  5.610e-03 	
        28.000	  5.610e-03 	
        28.018	  5.610e-03 	
        28.040	  5.610e-03 	
        28.058	  5.610e-03 	
        28.080	  5.610e-03 	
        28.099	  5.610e-03 	
        28.119	  5.590e-03 	
        28.138	  5.630e-03 	
        28.160	  5.610e-03 	
        28.180	  5.610e-03 	
        28.200	  5.610e-03 	
        28.219	  5.630e-03 	
        28.240	  5.610e-03 	
        28.258	  5.610e-03 	
        28.280	  5.610e-03 	
        28.300	  5.590e-03 	
        28.318	  5.590e-03 	
        28.338	  5.610e-03 	
        28.358	  5.610e-03 	
        28.380	  5.590e-03 	
        28.400	  5.590e-03 	
        28.419	  5.610e-03 	
        28.440	  5.610e-03 	
        28.458	  5.610e-03 	
        28.480	  5.610e-03 	
        28.500	  5.610e-03 	
        28.519	  5.580e-03 	
        28.540	  5.610e-03 	
        28.559	  5.610e-03 	
        28.580	  5.590e-03 	
        28.599	  5.610e-03 	
        28.619	  5.610e-03 	
        28.639	  5.590e-03 	
        28.660	  5.590e-03 	
        28.678	  5.590e-03 	
        28.700	  5.590e-03 	
        28.719	  5.610e-03 	
        28.740	  5.590e-03 	
        28.760	  5.590e-03 	
        28.780	  5.590e-03 	
        28.798	  5.590e-03 	
        28.819	  5.610e-03 	
        28.840	  5.610e-03 	
        28.860	  5.610e-03 	
        28.880	  5.590e-03 	
        28.900	  5.610e-03 	
        28.919	  5.590e-03 	
        28.939	  5.610e-03 	
        28.960	  5.610e-03 	
        28.980	  5.610e-03 	
        28.999	  5.590e-03 	
        29.019	  5.610e-03 	
        29.039	  5.610e-03 	
        29.060	  5.610e-03 	
        29.079	  5.590e-03 	
        29.100	  5.610e-03 	
        29.119	  5.610e-03 	
        29.138	  5.610e-03 	
        29.158	  5.610e-03 	
        29.179	  5.590e-03 	
        29.200	  5.580e-03 	
        29.219	  5.590e-03 	
        29.240	  5.590e-03 	
        29.258	  5.590e-03 	
        29.280	  5.590e-03 	
        29.299	  5.590e-03 	
        29.319	  5.590e-03 	
        29.340	  5.590e-03 	
        29.358	  5.590e-03 	
        29.380	  5.580e-03 	
        29.400	  5.590e-03 	
        29.419	  5.590e-03 	
        29.440	  5.610e-03 	
        29.459	  5.610e-03 	
        29.479	  5.610e-03 	
        29.500	  5.630e-03 	
        29.519	  5.590e-03 	
        29.540	  5.610e-03 	
        29.560	  5.590e-03 	
        29.580	  5.610e-03 	
        29.600	  5.610e-03 	
        29.619	  5.610e-03 	
        29.639	  5.590e-03 	
        29.660	  5.590e-03 	
        29.679	  5.630e-03 	
        29.698	  5.610e-03 	
        29.719	  5.630e-03 	
        29.740	  5.610e-03 	
        29.760	  5.590e-03 	
        29.780	  5.590e-03 	
        29.799	  5.590e-03 	
        29.819	  5.590e-03 	
        29.839	  5.610e-03 	
        29.860	  5.590e-03 	
        29.880	  5.610e-03 	
        29.900	  5.590e-03 	
        29.919	  5.610e-03 	
        29.939	  5.590e-03 	
        29.960	  5.590e-03 	
        29.979	  5.590e-03 	
        30.000	  5.610e-03 	
        30.019	  5.590e-03 	
        30.039	  5.610e-03 	
        30.060	  5.590e-03 	
        30.080	  5.610e-03 	
        30.100	  5.610e-03 	
        30.119	  5.590e-03 	
        30.139	  5.610e-03 	
        30.159	  5.610e-03 	
        30.179	  5.590e-03 	
        30.199	  5.610e-03 	
        30.218	  5.590e-03 	
        30.239	  5.590e-03 	
        30.258	  5.580e-03 	
        30.279	  5.610e-03 	
        30.300	  5.590e-03 	
        30.319	  5.610e-03 	
        30.339	  5.610e-03 	
        30.360	  5.610e-03 	
        30.380	  5.630e-03 	
        30.399	  5.610e-03 	
        30.419	  5.590e-03 	
        30.438	  5.610e-03 	
        30.460	  5.610e-03 	
        30.480	  5.610e-03 	
        30.500	  5.630e-03 	
        30.519	  5.630e-03 	
        30.539	  5.610e-03 	
        30.559	  5.630e-03 	
        30.579	  5.610e-03 	
        30.600	  5.610e-03 	
        30.620	  5.610e-03 	
        30.640	  5.610e-03 	
        30.660	  5.610e-03 	
        30.680	  5.610e-03 	
        30.699	  5.610e-03 	
        30.720	  5.650e-03 	
        30.738	  5.630e-03 	
        30.760	  5.590e-03 	
        30.779	  5.610e-03 	
        30.800	  5.610e-03 	
        30.819	  5.610e-03 	
        30.839	  5.610e-03 	
        30.859	  5.630e-03 	
        30.880	  5.610e-03 	
        30.898	  5.610e-03 	
        30.919	  5.610e-03 	
        30.938	  5.610e-03 	
        30.960	  5.610e-03 	
        30.978	  5.610e-03 	
        30.998	  5.610e-03 	
        31.019	  5.610e-03 	
        31.039	  5.630e-03 	
        31.060	  5.610e-03 	
        31.080	  5.610e-03 	
        31.098	  5.610e-03 	
        31.119	  5.630e-03 	
        31.138	  5.610e-03 	
        31.160	  5.610e-03 	
        31.179	  5.610e-03 	
        31.200	  5.610e-03 	
        31.219	  5.590e-03 	
        31.240	  5.610e-03 	
        31.259	  5.610e-03 	
        31.280	  5.610e-03 	
        31.300	  5.590e-03 	
        31.319	  5.590e-03 	
        31.340	  5.610e-03 	
        31.360	  5.590e-03 	
        31.379	  5.610e-03 	
        31.399	  5.610e-03 	
        31.418	  5.610e-03 	
        31.440	  5.610e-03 	
        31.459	  5.610e-03 	
        31.478	  5.610e-03 	
        31.499	  5.630e-03 	
        31.518	  5.610e-03 	
        31.538	  5.610e-03 	
        31.560	  5.590e-03 	
        31.578	  5.590e-03 	
        31.600	  5.590e-03 	
        31.619	  5.590e-03 	
        31.639	  5.580e-03 	
        31.660	  5.610e-03 	
        31.680	  5.610e-03 	
        31.700	  5.610e-03 	
        31.719	  5.610e-03 	
        31.739	  5.610e-03 	
        31.758	  5.590e-03 	
        31.779	  5.590e-03 	
        31.798	  5.590e-03 	
        31.818	  5.610e-03 	
        31.840	  5.590e-03 	
        31.858	  5.590e-03 	
        31.880	  5.590e-03 	
        31.899	  5.630e-03 	
        31.919	  5.610e-03 	
        31.939	  5.610e-03 	
        31.960	  5.590e-03 	
        31.979	  5.610e-03 	
        32.000	  5.610e-03 	
        32.020	  5.590e-03 	
        32.040	  5.590e-03 	
        32.060	  5.610e-03 	
        32.080	  5.610e-03 	
        32.099	  5.590e-03 	
        32.119	  5.590e-03 	
        32.138	  5.610e-03 	
        32.159	  5.590e-03 	
        32.178	  5.610e-03 	
        32.199	  5.610e-03 	
        32.219	  5.590e-03 	
        32.239	  5.610e-03 	
        32.259	  5.610e-03 	
        32.280	  5.610e-03 	
        32.299	  5.590e-03 	
        32.319	  5.650e-03 	
        32.340	  5.590e-03 	
        32.360	  5.610e-03 	
        32.380	  5.590e-03 	
        32.400	  5.590e-03 	
        32.419	  5.610e-03 	
        32.440	  5.630e-03 	
        32.460	  5.590e-03 	
        32.480	  5.630e-03 	
        32.500	  5.610e-03 	
        32.519	  5.590e-03 	
        32.540	  5.610e-03 	
        32.560	  5.610e-03 	
        32.580	  5.610e-03 	
        32.599	  5.610e-03 	
        32.619	  5.630e-03 	
        32.638	  5.590e-03 	
        32.660	  5.610e-03 	
        32.680	  5.590e-03 	
        32.700	  5.610e-03 	
        32.719	  5.630e-03 	
        32.739	  5.610e-03 	
        32.758	  5.590e-03 	
        32.780	  5.610e-03 	
        32.799	  5.590e-03 	
        32.819	  5.630e-03 	
        32.840	  5.630e-03 	
        32.860	  5.610e-03 	
        32.880	  5.610e-03 	
        32.900	  5.630e-03 	
        32.919	  5.590e-03 	
        32.939	  5.590e-03 	
        32.960	  5.590e-03 	
        32.980	  5.590e-03 	
        32.999	  5.590e-03 	
        33.019	  5.590e-03 	
        33.039	  5.610e-03 	
        33.059	  5.590e-03 	
        33.079	  5.610e-03 	
        33.099	  5.610e-03 	
        33.119	  5.610e-03 	
        33.140	  5.590e-03 	
        33.159	  5.610e-03 	
        33.179	  5.610e-03 	
        33.198	  5.590e-03 	
        33.219	  5.590e-03 	
        33.240	  5.610e-03 	
        33.260	  5.610e-03 	
        33.280	  5.580e-03 	
        33.300	  5.590e-03 	
        33.319	  5.580e-03 	
        33.339	  5.610e-03 	
        33.360	  5.610e-03 	
        33.380	  5.610e-03 	
        33.400	  5.590e-03 	
        33.419	  5.610e-03 	
        33.440	  5.590e-03 	
        33.460	  5.610e-03 	
        33.480	  5.610e-03 	
        33.500	  5.610e-03 	
        33.519	  5.610e-03 	
        33.540	  5.590e-03 	
        33.560	  5.590e-03 	
        33.580	  5.590e-03 	
        33.599	  5.630e-03 	
        33.619	  5.590e-03 	
        33.639	  5.610e-03 	
        33.660	  5.610e-03 	
        33.680	  5.610e-03 	
        33.700	  5.610e-03 	
        33.719	  5.610e-03 	
        33.739	  5.610e-03 	
        33.759	  5.580e-03 	
        33.780	  5.610e-03 	
        33.799	  5.610e-03 	
        33.819	  5.610e-03 	
        33.838	  5.630e-03 	
        33.860	  5.610e-03 	
        33.879	  5.590e-03 	
        33.900	  5.590e-03 	
        33.919	  5.610e-03 	
        33.940	  5.610e-03 	
        33.958	  5.590e-03 	
        33.980	  5.610e-03 	
        34.000	  5.610e-03 	
        34.019	  5.610e-03 	
        34.040	  5.610e-03 	
        34.058	  5.590e-03 	
        34.079	  5.610e-03 	
        34.099	  5.610e-03 	
        34.118	  5.590e-03 	
        34.139	  5.610e-03 	
        34.160	  5.610e-03 	
        34.180	  5.610e-03 	
        34.200	  5.610e-03 	
        34.219	  5.590e-03 	
        34.240	  5.610e-03 	
        34.260	  5.610e-03 	
        34.280	  5.610e-03 	
        34.299	  5.610e-03 	
        34.319	  5.610e-03 	
        34.340	  5.610e-03 	
        34.360	  5.610e-03 	
        34.380	  5.610e-03 	
        34.400	  5.610e-03 	
        34.419	  5.610e-03 	
        34.439	  5.590e-03 	
        34.460	  5.610e-03 	
        34.480	  5.610e-03 	
        34.499	  5.630e-03 	
        34.519	  5.590e-03 	
        34.540	  5.610e-03 	
        34.560	  5.630e-03 	
        34.579	  5.630e-03 	
        34.600	  5.630e-03 	
        34.619	  5.610e-03 	
        34.640	  5.610e-03 	
        34.660	  5.610e-03 	
        34.680	  5.610e-03 	
        34.700	  5.610e-03 	
        34.719	  5.630e-03 	
        34.739	  5.610e-03 	
        34.760	  5.630e-03 	
        34.780	  5.610e-03 	
        34.800	  5.610e-03 	
        34.819	  5.590e-03 	
        34.839	  5.610e-03 	
        34.860	  5.610e-03 	
        34.880	  5.610e-03 	
        34.899	  5.590e-03 	
        34.919	  5.610e-03 	
        34.938	  5.630e-03 	
        34.960	  5.610e-03 	
        34.980	  5.610e-03 	
        35.000	  5.610e-03 	
        35.019	  5.610e-03 	
        35.039	  5.610e-03 	
        35.058	  5.590e-03 	
        35.080	  5.610e-03 	
        35.100	  5.630e-03 	
        35.119	  5.610e-03 	
        35.140	  5.730e-03 	
        35.158	  5.630e-03 	
        35.180	  5.610e-03 	
        35.200	  5.610e-03 	
        35.219	  5.610e-03 	
        35.240	  5.650e-03 	
        35.260	  5.630e-03 	
        35.279	  5.610e-03 	
        35.300	  5.630e-03 	
        35.319	  5.610e-03 	
        35.338	  5.610e-03 	
        35.360	  5.610e-03 	
        35.380	  5.610e-03 	
        35.400	  5.610e-03 	
        35.419	  5.630e-03 	
        35.440	  5.610e-03 	
        35.460	  5.610e-03 	
        35.480	  5.610e-03 	
        35.500	  5.650e-03 	
        35.519	  5.610e-03 	
        35.539	  5.610e-03 	
        35.560	  5.630e-03 	
        35.580	  5.610e-03 	
        35.600	  5.610e-03 	
        35.619	  5.610e-03 	
        35.640	  5.610e-03 	
        35.660	  5.610e-03 	
        35.680	  5.610e-03 	
        35.700	  5.610e-03 	
        35.718	  5.630e-03 	
        35.739	  5.610e-03 	
        35.760	  5.590e-03 	
        35.780	  5.630e-03 	
        35.799	  5.610e-03 	
        35.819	  5.610e-03 	
        35.839	  5.610e-03 	
        35.858	  5.610e-03 	
        35.880	  5.610e-03 	
        35.900	  5.610e-03 	
        35.918	  5.610e-03 	
        35.940	  5.630e-03 	
        35.960	  5.610e-03 	
        35.980	  5.610e-03 	
        36.000	  5.610e-03 	
        36.019	  5.610e-03 	
        36.040	  5.610e-03 	
        36.060	  5.630e-03 	
        36.079	  5.610e-03 	
        36.099	  5.610e-03 	
        36.119	  5.610e-03 	
        36.140	  5.610e-03 	
        36.160	  5.610e-03 	
        36.180	  5.610e-03 	
        36.200	  5.610e-03 	
        36.219	  5.610e-03 	
        36.240	  5.610e-03 	
        36.259	  5.610e-03 	
        36.280	  5.590e-03 	
        36.298	  5.580e-03 	
        36.319	  5.610e-03 	
        36.339	  5.610e-03 	
        36.360	  5.610e-03 	
        36.380	  5.590e-03 	
        36.398	  5.610e-03 	
        36.419	  5.610e-03 	
        36.438	  5.610e-03 	
        36.459	  5.610e-03 	
        36.480	  5.610e-03 	
        36.500	  5.630e-03 	
        36.519	  5.610e-03 	
        36.539	  5.610e-03 	
        36.560	  5.610e-03 	
        36.579	  5.610e-03 	
        36.600	  5.610e-03 	
        36.619	  5.590e-03 	
        36.639	  5.590e-03 	
        36.660	  5.610e-03 	
        36.680	  5.610e-03 	
        36.699	  5.610e-03 	
        36.719	  5.610e-03 	
        36.740	  5.610e-03 	
        36.760	  5.630e-03 	
        36.780	  5.610e-03 	
        36.798	  5.590e-03 	
        36.819	  5.590e-03 	
        36.839	  5.610e-03 	
        36.860	  5.610e-03 	
        36.880	  5.610e-03 	
        36.899	  5.610e-03 	
        36.919	  5.590e-03 	
        36.938	  5.610e-03 	
        36.960	  5.630e-03 	
        36.980	  5.610e-03 	
        37.000	  5.610e-03 	
        37.019	  5.610e-03 	
        37.040	  5.610e-03 	
        37.058	  5.610e-03 	
        37.080	  5.610e-03 	
        37.100	  5.610e-03 	
        37.119	  5.610e-03 	
        37.139	  5.590e-03 	
        37.158	  5.610e-03 	
        37.179	  5.610e-03 	
        37.199	  5.610e-03 	
        37.219	  5.610e-03 	
        37.240	  5.610e-03 	
        37.260	  5.610e-03 	
        37.279	  5.610e-03 	
        37.300	  5.590e-03 	
        37.319	  5.610e-03 	
        37.339	  5.610e-03 	
        37.360	  5.610e-03 	
        37.378	  5.610e-03 	
        37.399	  5.590e-03 	
        37.419	  5.610e-03 	
        37.439	  5.610e-03 	
        37.460	  5.610e-03 	
        37.479	  5.630e-03 	
        37.499	  5.630e-03 	
        37.519	  5.610e-03 	
        37.539	  5.610e-03 	
        37.560	  5.610e-03 	
        37.580	  5.610e-03 	
        37.600	  5.610e-03 	
        37.619	  5.610e-03 	
        37.640	  5.610e-03 	
        37.660	  5.610e-03 	
        37.680	  5.610e-03 	
        37.700	  5.610e-03 	
        37.719	  5.630e-03 	
        37.740	  5.610e-03 	
        37.760	  5.610e-03 	
        37.780	  5.610e-03 	
        37.799	  5.610e-03 	
        37.818	  5.610e-03 	
        37.838	  5.590e-03 	
        37.860	  5.610e-03 	
        37.879	  5.630e-03 	
        37.900	  5.610e-03 	
        37.919	  5.630e-03 	
        37.938	  5.630e-03 	
        37.958	  5.710e-03 	
        37.980	  5.610e-03 	
        38.000	  5.610e-03 	
        38.019	  5.610e-03 	
        38.040	  5.610e-03 	
        38.058	  5.630e-03 	
        38.078	  5.630e-03 	
        38.099	  5.630e-03 	
        38.120	  5.610e-03 	
        38.138	  5.630e-03 	
        38.159	  5.610e-03 	
        38.179	  5.610e-03 	
        38.198	  5.610e-03 	
        38.219	  5.630e-03 	
        38.238	  5.630e-03 	
        38.258	  5.630e-03 	
        38.279	  5.610e-03 	
        38.298	  5.630e-03 	
        38.319	  5.630e-03 	
        38.338	  5.630e-03 	
        38.359	  5.630e-03 	
        38.379	  5.630e-03 	
        38.399	  5.630e-03 	
        38.419	  5.610e-03 	
        38.439	  5.610e-03 	
        38.458	  5.630e-03 	
        38.479	  5.610e-03 	
        38.498	  5.650e-03 	
        38.519	  5.610e-03 	
        38.538	  5.630e-03 	
        38.559	  5.630e-03 	
        38.579	  5.630e-03 	
        38.599	  5.630e-03 	
        38.619	  5.630e-03 	
        38.640	  5.610e-03 	
        38.660	  5.630e-03 	
        38.680	  5.610e-03 	
        38.699	  5.630e-03 	
        38.719	  5.650e-03 	
        38.739	  5.610e-03 	
        38.760	  5.610e-03 	
        38.780	  5.630e-03 	
        38.800	  5.610e-03 	
        38.818	  5.610e-03 	
        38.839	  5.630e-03 	
        38.860	  5.630e-03 	
        38.880	  5.610e-03 	
        38.900	  5.610e-03 	
        38.919	  5.610e-03 	
        38.938	  5.630e-03 	
        38.959	  5.610e-03 	
        38.979	  5.630e-03 	
        39.000	  5.650e-03 	
        39.020	  5.630e-03 	
        39.038	  5.610e-03 	
        39.060	  5.610e-03 	
        39.080	  5.610e-03 	
        39.099	  5.630e-03 	
        39.120	  5.610e-03 	
        39.140	  5.610e-03 	
        39.159	  5.610e-03 	
        39.180	  5.630e-03 	
        39.200	  5.610e-03 	
        39.219	  5.610e-03 	
        39.239	  5.610e-03 	
        39.260	  5.610e-03 	
        39.280	  5.590e-03 	
        39.300	  5.610e-03 	
        39.320	  5.610e-03 	
        39.340	  5.610e-03 	
        39.360	  5.610e-03 	
        39.380	  5.630e-03 	
        39.400	  5.610e-03 	
        39.419	  5.610e-03 	
        39.440	  5.610e-03 	
        39.459	  5.610e-03 	
        39.480	  5.610e-03 	
        39.498	  5.630e-03 	
        39.520	  5.610e-03 	
        39.539	  5.610e-03 	
        39.560	  5.610e-03 	
        39.580	  5.610e-03 	
        39.600	  5.590e-03 	
        39.618	  5.610e-03 	
        39.640	  5.610e-03 	
        39.660	  5.590e-03 	
        39.680	  5.610e-03 	
        39.699	  5.610e-03 	
        39.718	  5.630e-03 	
        39.740	  5.590e-03 	
        39.760	  5.610e-03 	
        39.780	  5.580e-03 	
        39.798	  5.590e-03 	
        39.819	  5.590e-03 	
        39.840	  5.610e-03 	
        39.860	  5.610e-03 	
        39.880	  5.610e-03 	
        39.900	  5.590e-03 	
        39.919	  5.590e-03 	
        39.939	  5.590e-03 	
        39.960	  5.590e-03 	
        39.979	  5.610e-03 	
        39.998	  5.590e-03 	
        40.019	  5.590e-03 	
        40.040	  5.590e-03 	
        40.060	  5.610e-03 	
        40.080	  5.610e-03 	
        40.100	  5.610e-03 	
        40.119	  5.610e-03 	
        40.138	  5.590e-03 	
        40.158	  5.610e-03 	
        40.180	  5.610e-03 	
        40.199	  5.590e-03 	
        40.219	  5.610e-03 	
        40.240	  5.610e-03 	
        40.259	  5.610e-03 	
        40.279	  5.590e-03 	
        40.299	  5.610e-03 	
        40.319	  5.610e-03 	
        40.339	  5.610e-03 	
        40.359	  5.590e-03 	
        40.380	  5.610e-03 	
        40.400	  5.610e-03 	
        40.419	  5.630e-03 	
        40.440	  5.610e-03 	
        40.460	  5.610e-03 	
        40.479	  5.610e-03 	
        40.500	  5.650e-03 	
        40.519	  5.630e-03 	
        40.540	  5.610e-03 	
        40.558	  5.590e-03 	
        40.580	  5.610e-03 	
        40.600	  5.610e-03 	
        40.619	  5.610e-03 	
        40.640	  5.610e-03 	
        40.659	  5.610e-03 	
        40.679	  5.610e-03 	
        40.699	  5.610e-03 	
        40.719	  5.630e-03 	
        40.739	  5.630e-03 	
        40.759	  5.610e-03 	
        40.780	  5.710e-03 	
        40.800	  5.610e-03 	
        40.819	  5.610e-03 	
        40.839	  5.630e-03 	
        40.860	  5.610e-03 	
        40.880	  5.610e-03 	
        40.900	  5.610e-03 	
        40.919	  5.610e-03 	
        40.940	  5.610e-03 	
        40.960	  5.590e-03 	
        40.980	  5.630e-03 	
        40.999	  5.610e-03 	
        41.019	  5.610e-03 	
        41.038	  5.610e-03 	
        41.059	  5.610e-03 	
        41.080	  5.610e-03 	
        41.100	  5.610e-03 	
        41.119	  5.630e-03 	
        41.139	  5.610e-03 	
        41.159	  5.610e-03 	
        41.180	  5.590e-03 	
        41.200	  5.610e-03 	
        41.219	  5.610e-03 	
        41.239	  5.590e-03 	
        41.260	  5.610e-03 	
        41.278	  5.610e-03 	
        41.300	  5.630e-03 	
        41.319	  5.610e-03 	
        41.339	  5.610e-03 	
        41.360	  5.610e-03 	
        41.380	  5.610e-03 	
        41.400	  5.630e-03 	
        41.418	  5.610e-03 	
        41.440	  5.610e-03 	
        41.460	  5.590e-03 	
        41.480	  5.610e-03 	
        41.500	  5.650e-03 	
        41.519	  5.610e-03 	
        41.539	  5.610e-03 	
        41.558	  5.590e-03 	
        41.580	  5.610e-03 	
        41.600	  5.610e-03 	
        41.619	  5.610e-03 	
        41.640	  5.610e-03 	
        41.660	  5.610e-03 	
        41.679	  5.590e-03 	
        41.700	  5.610e-03 	
        41.719	  5.630e-03 	
        41.739	  5.610e-03 	
        41.760	  5.610e-03 	
        41.780	  5.610e-03 	
        41.800	  5.610e-03 	
        41.819	  5.610e-03 	
        41.840	  5.610e-03 	
        41.860	  5.590e-03 	
        41.879	  5.630e-03 	
        41.898	  5.610e-03 	
        41.919	  5.610e-03 	
        41.940	  5.590e-03 	
        41.958	  5.590e-03 	
        41.980	  5.630e-03 	
        42.000	  5.590e-03 	
        42.019	  5.610e-03 	
        42.039	  5.610e-03 	
        42.059	  5.610e-03 	
        42.080	  5.610e-03 	
        42.100	  5.630e-03 	
        42.119	  5.610e-03 	
        42.140	  5.610e-03 	
        42.159	  5.630e-03 	
        42.180	  5.610e-03 	
        42.198	  5.630e-03 	
        42.219	  5.610e-03 	
        42.240	  5.630e-03 	
        42.260	  5.630e-03 	
        42.280	  5.630e-03 	
        42.298	  5.610e-03 	
        42.319	  5.610e-03 	
        42.339	  5.630e-03 	
        42.360	  5.610e-03 	
        42.380	  5.630e-03 	
        42.400	  5.610e-03 	
        42.419	  5.610e-03 	
        42.438	  5.630e-03 	
        42.460	  5.610e-03 	
        42.480	  5.630e-03 	
        42.500	  5.650e-03 	
        42.519	  5.610e-03 	
        42.538	  5.610e-03 	
        42.559	  5.610e-03 	
        42.580	  5.610e-03 	
        42.600	  5.610e-03 	
        42.619	  5.610e-03 	
        42.639	  5.610e-03 	
        42.660	  5.610e-03 	
        42.680	  5.610e-03 	
        42.700	  5.610e-03 	
        42.719	  5.630e-03 	
        42.739	  5.630e-03 	
        42.759	  5.630e-03 	
        42.780	  5.630e-03 	
        42.798	  5.630e-03 	
        42.819	  5.610e-03 	
        42.838	  5.630e-03 	
        42.860	  5.630e-03 	
