;PC Software:StarLab Version 3.62 Build 1
! ******* Warning: Do not modify this file. Changes may prevent   ********
! ******* the StarLab Log reader from opening the file correctly. ********
;Logged:24/01/2022 at 15:03:20
;File Version:5
;Time Resolution:1 microseconds
;Log Settings:Stop after:period: 00:05:00
;Graph Mode:Merge
;Graph Type:Line
;Notes:                                                            

;Channel A:Vega Pyroelectric PE50BF-DIF (s/n:571777)  VG2.54 (s/n:547613)

;Channel A:Details
;Name:PE50BF-DIF
;Graph Color:RGB(14,104,168)
;Units:J
;Settings:Measuring:Energy
;Settings:Wavelength:1064
;Settings:Range:4.00mJ
;Settings:Diffuser:N/A
;Settings:Pulse Width:1.0mS
;Settings:Threshold:N/A

;Channel A:Statistics
;Min:1.673mJ             
;Max:1.700mJ             
;Average:1.688mJ             
;Std.Dev.:4.501uJ             
;Overrange:0                   
;Total Pulses:641                 
;--------------------


;First Pulse Arrived : 24/01/2022 at 15:03:21
  Timestamp   	  Channel A  	
         0.000	  1.683e-03 	
         0.020	  1.681e-03 	
         0.039	  1.689e-03 	
         0.059	  1.691e-03 	
         0.080	  1.693e-03 	
         0.099	  1.689e-03 	
         0.120	  1.691e-03 	
         0.140	  1.689e-03 	
         0.159	  1.691e-03 	
         0.180	  1.677e-03 	
         0.199	  1.695e-03 	
         0.219	  1.691e-03 	
         0.240	  1.687e-03 	
         0.258	  1.675e-03 	
         0.278	  1.693e-03 	
         0.300	  1.685e-03 	
         0.319	  1.691e-03 	
         0.340	  1.691e-03 	
         0.358	  1.687e-03 	
         0.380	  1.687e-03 	
         0.400	  1.683e-03 	
         0.419	  1.685e-03 	
         0.440	  1.687e-03 	
         0.459	  1.685e-03 	
         0.478	  1.693e-03 	
         0.499	  1.691e-03 	
         0.520	  1.685e-03 	
         0.540	  1.693e-03 	
         0.558	  1.687e-03 	
         0.580	  1.681e-03 	
         0.599	  1.693e-03 	
         0.620	  1.693e-03 	
         0.640	  1.683e-03 	
         0.659	  1.683e-03 	
         0.679	  1.687e-03 	
         0.699	  1.685e-03 	
         0.720	  1.683e-03 	
         0.739	  1.689e-03 	
         0.759	  1.687e-03 	
         0.778	  1.681e-03 	
         0.799	  1.683e-03 	
         0.820	  1.693e-03 	
         0.840	  1.693e-03 	
         0.859	  1.683e-03 	
         0.880	  1.699e-03 	
         0.900	  1.689e-03 	
         0.920	  1.691e-03 	
         0.940	  1.681e-03 	
         0.959	  1.687e-03 	
         0.978	  1.687e-03 	
         1.000	  1.689e-03 	
         1.020	  1.685e-03 	
         1.040	  1.689e-03 	
         1.059	  1.685e-03 	
         1.080	  1.693e-03 	
         1.099	  1.695e-03 	
         1.120	  1.689e-03 	
         1.140	  1.691e-03 	
         1.159	  1.685e-03 	
         1.179	  1.691e-03 	
         1.200	  1.681e-03 	
         1.219	  1.687e-03 	
         1.239	  1.695e-03 	
         1.259	  1.685e-03 	
         1.279	  1.689e-03 	
         1.299	  1.689e-03 	
         1.320	  1.691e-03 	
         1.340	  1.689e-03 	
         1.359	  1.687e-03 	
         1.380	  1.697e-03 	
         1.399	  1.693e-03 	
         1.420	  1.687e-03 	
         1.440	  1.691e-03 	
         1.459	  1.679e-03 	
         1.480	  1.693e-03 	
         1.500	  1.689e-03 	
         1.520	  1.691e-03 	
         1.540	  1.691e-03 	
         1.558	  1.685e-03 	
         1.578	  1.685e-03 	
         1.600	  1.683e-03 	
         1.618	  1.689e-03 	
         1.640	  1.689e-03 	
         1.659	  1.691e-03 	
         1.679	  1.691e-03 	
         1.700	  1.695e-03 	
         1.720	  1.685e-03 	
         1.740	  1.681e-03 	
         1.759	  1.687e-03 	
         1.780	  1.687e-03 	
         1.800	  1.675e-03 	
         1.819	  1.693e-03 	
         1.840	  1.691e-03 	
         1.859	  1.687e-03 	
         1.880	  1.693e-03 	
         1.899	  1.685e-03 	
         1.920	  1.687e-03 	
         1.940	  1.687e-03 	
         1.959	  1.693e-03 	
         1.980	  1.691e-03 	
         2.000	  1.683e-03 	
         2.019	  1.687e-03 	
         2.039	  1.689e-03 	
         2.059	  1.689e-03 	
         2.080	  1.687e-03 	
         2.100	  1.695e-03 	
         2.119	  1.683e-03 	
         2.140	  1.691e-03 	
         2.159	  1.685e-03 	
         2.180	  1.683e-03 	
         2.199	  1.683e-03 	
         2.220	  1.683e-03 	
         2.240	  1.689e-03 	
         2.258	  1.689e-03 	
         2.280	  1.689e-03 	
         2.300	  1.685e-03 	
         2.320	  1.685e-03 	
         2.340	  1.687e-03 	
         2.359	  1.685e-03 	
         2.379	  1.697e-03 	
         2.400	  1.685e-03 	
         2.420	  1.687e-03 	
         2.440	  1.683e-03 	
         2.459	  1.687e-03 	
         2.480	  1.685e-03 	
         2.500	  1.679e-03 	
         2.520	  1.683e-03 	
         2.540	  1.687e-03 	
         2.558	  1.687e-03 	
         2.579	  1.685e-03 	
         2.600	  1.679e-03 	
         2.620	  1.689e-03 	
         2.640	  1.681e-03 	
         2.659	  1.687e-03 	
         2.680	  1.687e-03 	
         2.699	  1.683e-03 	
         2.719	  1.681e-03 	
         2.740	  1.687e-03 	
         2.759	  1.685e-03 	
         2.780	  1.687e-03 	
         2.800	  1.685e-03 	
         2.820	  1.689e-03 	
         2.840	  1.687e-03 	
         2.859	  1.689e-03 	
         2.880	  1.685e-03 	
         2.900	  1.689e-03 	
         2.920	  1.691e-03 	
         2.940	  1.689e-03 	
         2.959	  1.693e-03 	
         2.980	  1.687e-03 	
         3.000	  1.687e-03 	
         3.020	  1.693e-03 	
         3.040	  1.681e-03 	
         3.059	  1.689e-03 	
         3.080	  1.689e-03 	
         3.099	  1.693e-03 	
         3.120	  1.689e-03 	
         3.138	  1.693e-03 	
         3.159	  1.695e-03 	
         3.180	  1.695e-03 	
         3.200	  1.687e-03 	
         3.220	  1.689e-03 	
         3.239	  1.685e-03 	
         3.259	  1.691e-03 	
         3.280	  1.693e-03 	
         3.300	  1.687e-03 	
         3.320	  1.687e-03 	
         3.340	  1.681e-03 	
         3.359	  1.681e-03 	
         3.380	  1.683e-03 	
         3.400	  1.689e-03 	
         3.419	  1.695e-03 	
         3.440	  1.687e-03 	
         3.458	  1.689e-03 	
         3.478	  1.687e-03 	
         3.500	  1.687e-03 	
         3.520	  1.691e-03 	
         3.540	  1.681e-03 	
         3.559	  1.681e-03 	
         3.580	  1.691e-03 	
         3.600	  1.685e-03 	
         3.620	  1.681e-03 	
         3.640	  1.693e-03 	
         3.659	  1.689e-03 	
         3.678	  1.683e-03 	
         3.700	  1.685e-03 	
         3.720	  1.689e-03 	
         3.740	  1.691e-03 	
         3.758	  1.687e-03 	
         3.780	  1.691e-03 	
         3.800	  1.691e-03 	
         3.820	  1.693e-03 	
         3.839	  1.691e-03 	
         3.859	  1.695e-03 	
         3.880	  1.687e-03 	
         3.899	  1.689e-03 	
         3.920	  1.685e-03 	
         3.940	  1.691e-03 	
         3.958	  1.687e-03 	
         3.980	  1.677e-03 	
         4.000	  1.689e-03 	
         4.020	  1.697e-03 	
         4.040	  1.685e-03 	
         4.059	  1.683e-03 	
         4.080	  1.683e-03 	
         4.100	  1.685e-03 	
         4.119	  1.685e-03 	
         4.140	  1.687e-03 	
         4.159	  1.689e-03 	
         4.180	  1.693e-03 	
         4.200	  1.681e-03 	
         4.219	  1.685e-03 	
         4.240	  1.687e-03 	
         4.259	  1.691e-03 	
         4.279	  1.691e-03 	
         4.300	  1.685e-03 	
         4.320	  1.693e-03 	
         4.339	  1.693e-03 	
         4.359	  1.695e-03 	
         4.380	  1.693e-03 	
         4.400	  1.687e-03 	
         4.420	  1.691e-03 	
         4.440	  1.689e-03 	
         4.459	  1.685e-03 	
         4.480	  1.695e-03 	
         4.499	  1.683e-03 	
         4.520	  1.695e-03 	
         4.540	  1.693e-03 	
         4.559	  1.687e-03 	
         4.580	  1.689e-03 	
         4.600	  1.689e-03 	
         4.620	  1.695e-03 	
         4.640	  1.689e-03 	
         4.659	  1.689e-03 	
         4.680	  1.693e-03 	
         4.699	  1.700e-03 	
         4.720	  1.687e-03 	
         4.740	  1.687e-03 	
         4.759	  1.697e-03 	
         4.779	  1.700e-03 	
         4.800	  1.689e-03 	
         4.818	  1.693e-03 	
         4.840	  1.687e-03 	
         4.859	  1.689e-03 	
         4.880	  1.689e-03 	
         4.900	  1.689e-03 	
         4.920	  1.689e-03 	
         4.940	  1.689e-03 	
         4.959	  1.689e-03 	
         4.978	  1.689e-03 	
         4.998	  1.693e-03 	
         5.020	  1.693e-03 	
         5.040	  1.691e-03 	
         5.059	  1.685e-03 	
         5.080	  1.691e-03 	
         5.100	  1.695e-03 	
         5.120	  1.687e-03 	
         5.140	  1.687e-03 	
         5.159	  1.697e-03 	
         5.180	  1.693e-03 	
         5.200	  1.693e-03 	
         5.220	  1.691e-03 	
         5.240	  1.689e-03 	
         5.259	  1.691e-03 	
         5.280	  1.685e-03 	
         5.300	  1.683e-03 	
         5.319	  1.685e-03 	
         5.340	  1.685e-03 	
         5.359	  1.691e-03 	
         5.380	  1.687e-03 	
         5.400	  1.689e-03 	
         5.420	  1.683e-03 	
         5.439	  1.693e-03 	
         5.459	  1.691e-03 	
         5.480	  1.693e-03 	
         5.499	  1.683e-03 	
         5.518	  1.683e-03 	
         5.540	  1.691e-03 	
         5.559	  1.689e-03 	
         5.580	  1.687e-03 	
         5.600	  1.687e-03 	
         5.620	  1.699e-03 	
         5.639	  1.687e-03 	
         5.659	  1.693e-03 	
         5.680	  1.693e-03 	
         5.700	  1.677e-03 	
         5.719	  1.683e-03 	
         5.740	  1.679e-03 	
         5.759	  1.685e-03 	
         5.780	  1.681e-03 	
         5.800	  1.687e-03 	
         5.820	  1.685e-03 	
         5.840	  1.685e-03 	
         5.859	  1.687e-03 	
         5.879	  1.685e-03 	
         5.900	  1.677e-03 	
         5.920	  1.687e-03 	
         5.940	  1.687e-03 	
         5.959	  1.689e-03 	
         5.979	  1.689e-03 	
         6.000	  1.693e-03 	
         6.019	  1.691e-03 	
         6.040	  1.691e-03 	
         6.059	  1.681e-03 	
         6.080	  1.681e-03 	
         6.099	  1.689e-03 	
         6.120	  1.691e-03 	
         6.140	  1.685e-03 	
         6.159	  1.683e-03 	
         6.180	  1.685e-03 	
         6.199	  1.683e-03 	
         6.220	  1.691e-03 	
         6.240	  1.677e-03 	
         6.259	  1.689e-03 	
         6.280	  1.683e-03 	
         6.300	  1.691e-03 	
         6.320	  1.685e-03 	
         6.339	  1.681e-03 	
         6.359	  1.687e-03 	
         6.380	  1.679e-03 	
         6.400	  1.687e-03 	
         6.420	  1.683e-03 	
         6.439	  1.681e-03 	
         6.459	  1.681e-03 	
         6.480	  1.681e-03 	
         6.500	  1.685e-03 	
         6.519	  1.683e-03 	
         6.538	  1.677e-03 	
         6.559	  1.683e-03 	
         6.579	  1.675e-03 	
         6.600	  1.685e-03 	
         6.620	  1.683e-03 	
         6.640	  1.691e-03 	
         6.659	  1.679e-03 	
         6.679	  1.683e-03 	
         6.698	  1.687e-03 	
         6.720	  1.691e-03 	
         6.740	  1.689e-03 	
         6.759	  1.681e-03 	
         6.779	  1.681e-03 	
         6.800	  1.687e-03 	
         6.819	  1.693e-03 	
         6.840	  1.691e-03 	
         6.858	  1.677e-03 	
         6.878	  1.685e-03 	
         6.898	  1.689e-03 	
         6.919	  1.691e-03 	
         6.939	  1.685e-03 	
         6.959	  1.689e-03 	
         6.980	  1.691e-03 	
         7.000	  1.687e-03 	
         7.020	  1.693e-03 	
         7.039	  1.689e-03 	
         7.059	  1.687e-03 	
         7.080	  1.685e-03 	
         7.099	  1.681e-03 	
         7.120	  1.681e-03 	
         7.139	  1.689e-03 	
         7.159	  1.689e-03 	
         7.180	  1.687e-03 	
         7.200	  1.685e-03 	
         7.220	  1.687e-03 	
         7.240	  1.675e-03 	
         7.259	  1.681e-03 	
         7.280	  1.683e-03 	
         7.300	  1.687e-03 	
         7.320	  1.687e-03 	
         7.340	  1.689e-03 	
         7.359	  1.681e-03 	
         7.379	  1.685e-03 	
         7.400	  1.683e-03 	
         7.420	  1.681e-03 	
         7.440	  1.687e-03 	
         7.459	  1.691e-03 	
         7.479	  1.683e-03 	
         7.500	  1.685e-03 	
         7.520	  1.689e-03 	
         7.540	  1.683e-03 	
         7.559	  1.685e-03 	
         7.580	  1.683e-03 	
         7.600	  1.691e-03 	
         7.619	  1.683e-03 	
         7.640	  1.691e-03 	
         7.659	  1.685e-03 	
         7.680	  1.683e-03 	
         7.699	  1.687e-03 	
         7.720	  1.687e-03 	
         7.740	  1.689e-03 	
         7.759	  1.697e-03 	
         7.780	  1.687e-03 	
         7.799	  1.689e-03 	
         7.820	  1.687e-03 	
         7.840	  1.685e-03 	
         7.859	  1.687e-03 	
         7.880	  1.683e-03 	
         7.899	  1.673e-03 	
         7.919	  1.683e-03 	
         7.938	  1.685e-03 	
         7.959	  1.693e-03 	
         7.979	  1.685e-03 	
         8.000	  1.689e-03 	
         8.020	  1.689e-03 	
         8.040	  1.687e-03 	
         8.058	  1.689e-03 	
         8.079	  1.687e-03 	
         8.100	  1.691e-03 	
         8.120	  1.689e-03 	
         8.140	  1.689e-03 	
         8.159	  1.673e-03 	
         8.180	  1.683e-03 	
         8.200	  1.681e-03 	
         8.220	  1.687e-03 	
         8.240	  1.685e-03 	
         8.259	  1.691e-03 	
         8.279	  1.685e-03 	
         8.300	  1.683e-03 	
         8.320	  1.679e-03 	
         8.340	  1.679e-03 	
         8.358	  1.685e-03 	
         8.380	  1.681e-03 	
         8.400	  1.687e-03 	
         8.420	  1.683e-03 	
         8.439	  1.683e-03 	
         8.458	  1.689e-03 	
         8.480	  1.687e-03 	
         8.500	  1.687e-03 	
         8.520	  1.697e-03 	
         8.540	  1.691e-03 	
         8.558	  1.687e-03 	
         8.578	  1.685e-03 	
         8.600	  1.683e-03 	
         8.620	  1.691e-03 	
         8.640	  1.683e-03 	
         8.659	  1.693e-03 	
         8.680	  1.691e-03 	
         8.700	  1.685e-03 	
         8.720	  1.693e-03 	
         8.739	  1.681e-03 	
         8.759	  1.681e-03 	
         8.779	  1.699e-03 	
         8.800	  1.685e-03 	
         8.820	  1.691e-03 	
         8.840	  1.693e-03 	
         8.859	  1.681e-03 	
         8.878	  1.695e-03 	
         8.900	  1.681e-03 	
         8.920	  1.691e-03 	
         8.940	  1.681e-03 	
         8.958	  1.687e-03 	
         8.980	  1.691e-03 	
         9.000	  1.693e-03 	
         9.019	  1.687e-03 	
         9.040	  1.685e-03 	
         9.059	  1.691e-03 	
         9.079	  1.677e-03 	
         9.099	  1.695e-03 	
         9.118	  1.695e-03 	
         9.140	  1.687e-03 	
         9.159	  1.691e-03 	
         9.180	  1.683e-03 	
         9.200	  1.689e-03 	
         9.218	  1.691e-03 	
         9.240	  1.689e-03 	
         9.259	  1.689e-03 	
         9.280	  1.683e-03 	
         9.299	  1.687e-03 	
         9.320	  1.689e-03 	
         9.340	  1.683e-03 	
         9.359	  1.689e-03 	
         9.380	  1.697e-03 	
         9.400	  1.687e-03 	
         9.420	  1.691e-03 	
         9.440	  1.691e-03 	
         9.459	  1.689e-03 	
         9.480	  1.681e-03 	
         9.500	  1.683e-03 	
         9.520	  1.687e-03 	
         9.540	  1.699e-03 	
         9.559	  1.681e-03 	
         9.580	  1.681e-03 	
         9.600	  1.685e-03 	
         9.620	  1.687e-03 	
         9.640	  1.685e-03 	
         9.658	  1.691e-03 	
         9.680	  1.689e-03 	
         9.700	  1.689e-03 	
         9.720	  1.685e-03 	
         9.739	  1.689e-03 	
         9.759	  1.683e-03 	
         9.778	  1.691e-03 	
         9.800	  1.685e-03 	
         9.819	  1.687e-03 	
         9.840	  1.689e-03 	
         9.858	  1.687e-03 	
         9.878	  1.695e-03 	
         9.900	  1.689e-03 	
         9.920	  1.687e-03 	
         9.940	  1.687e-03 	
         9.959	  1.687e-03 	
         9.979	  1.691e-03 	
         9.999	  1.691e-03 	
        10.020	  1.695e-03 	
        10.039	  1.693e-03 	
        10.059	  1.687e-03 	
        10.080	  1.689e-03 	
        10.099	  1.691e-03 	
        10.120	  1.687e-03 	
        10.140	  1.681e-03 	
        10.159	  1.697e-03 	
        10.180	  1.691e-03 	
        10.199	  1.683e-03 	
        10.220	  1.691e-03 	
        10.240	  1.697e-03 	
        10.258	  1.689e-03 	
        10.280	  1.695e-03 	
        10.300	  1.693e-03 	
        10.318	  1.685e-03 	
        10.340	  1.693e-03 	
        10.358	  1.691e-03 	
        10.380	  1.683e-03 	
        10.400	  1.683e-03 	
        10.420	  1.691e-03 	
        10.440	  1.687e-03 	
        10.459	  1.685e-03 	
        10.480	  1.679e-03 	
        10.499	  1.691e-03 	
        10.519	  1.685e-03 	
        10.538	  1.685e-03 	
        10.559	  1.681e-03 	
        10.580	  1.679e-03 	
        10.600	  1.695e-03 	
        10.620	  1.689e-03 	
        10.638	  1.687e-03 	
        10.659	  1.683e-03 	
        10.680	  1.685e-03 	
        10.700	  1.691e-03 	
        10.720	  1.687e-03 	
        10.740	  1.683e-03 	
        10.759	  1.689e-03 	
        10.780	  1.687e-03 	
        10.799	  1.691e-03 	
        10.820	  1.695e-03 	
        10.840	  1.685e-03 	
        10.858	  1.689e-03 	
        10.878	  1.691e-03 	
        10.900	  1.695e-03 	
        10.920	  1.687e-03 	
        10.940	  1.699e-03 	
        10.959	  1.683e-03 	
        10.979	  1.689e-03 	
        11.000	  1.685e-03 	
        11.020	  1.691e-03 	
        11.038	  1.689e-03 	
        11.059	  1.683e-03 	
        11.078	  1.687e-03 	
        11.100	  1.683e-03 	
        11.120	  1.687e-03 	
        11.140	  1.687e-03 	
        11.159	  1.689e-03 	
        11.179	  1.685e-03 	
        11.200	  1.685e-03 	
        11.220	  1.693e-03 	
        11.240	  1.687e-03 	
        11.259	  1.687e-03 	
        11.280	  1.687e-03 	
        11.299	  1.687e-03 	
        11.320	  1.691e-03 	
        11.340	  1.687e-03 	
        11.359	  1.691e-03 	
        11.378	  1.693e-03 	
        11.399	  1.689e-03 	
        11.419	  1.691e-03 	
        11.440	  1.685e-03 	
        11.459	  1.691e-03 	
        11.479	  1.691e-03 	
        11.500	  1.689e-03 	
        11.520	  1.689e-03 	
        11.540	  1.687e-03 	
        11.559	  1.689e-03 	
        11.580	  1.691e-03 	
        11.600	  1.689e-03 	
        11.620	  1.691e-03 	
        11.639	  1.685e-03 	
        11.659	  1.691e-03 	
        11.679	  1.687e-03 	
        11.700	  1.691e-03 	
        11.720	  1.687e-03 	
        11.739	  1.689e-03 	
        11.759	  1.689e-03 	
        11.780	  1.689e-03 	
        11.800	  1.689e-03 	
        11.820	  1.693e-03 	
        11.840	  1.693e-03 	
        11.858	  1.689e-03 	
        11.878	  1.687e-03 	
        11.899	  1.689e-03 	
        11.920	  1.687e-03 	
        11.939	  1.681e-03 	
        11.959	  1.697e-03 	
        11.979	  1.687e-03 	
        11.999	  1.683e-03 	
        12.020	  1.681e-03 	
        12.040	  1.683e-03 	
        12.059	  1.683e-03 	
        12.080	  1.687e-03 	
        12.100	  1.691e-03 	
        12.120	  1.689e-03 	
        12.140	  1.687e-03 	
        12.159	  1.687e-03 	
        12.179	  1.691e-03 	
        12.200	  1.685e-03 	
        12.218	  1.689e-03 	
        12.240	  1.695e-03 	
        12.259	  1.691e-03 	
        12.280	  1.689e-03 	
        12.300	  1.689e-03 	
        12.320	  1.691e-03 	
        12.339	  1.683e-03 	
        12.359	  1.693e-03 	
        12.380	  1.695e-03 	
        12.400	  1.689e-03 	
        12.419	  1.685e-03 	
        12.440	  1.689e-03 	
        12.459	  1.691e-03 	
        12.480	  1.687e-03 	
        12.500	  1.699e-03 	
        12.520	  1.689e-03 	
        12.540	  1.687e-03 	
        12.559	  1.695e-03 	
        12.578	  1.687e-03 	
        12.599	  1.685e-03 	
        12.620	  1.687e-03 	
        12.640	  1.687e-03 	
        12.659	  1.689e-03 	
        12.680	  1.685e-03 	
        12.700	  1.693e-03 	
        12.720	  1.695e-03 	
        12.740	  1.689e-03 	
        12.759	  1.689e-03 	
        12.780	  1.693e-03 	
        12.799	  1.689e-03 	
