;PC Software:StarLab Version 3.72 Build 3
! ******* Warning: Do not modify this file. Changes may prevent   ********
! ******* the StarLab Log reader from opening the file correctly. ********
;Logged:04/08/2022 at 18:05:11
;File Version:5
;Time Resolution:1 microseconds
;Graph Mode:Merge
;Graph Type:Line
;Notes:                                                            

;Channel A:Vega Pyroelectric PE9 (s/n:574745)  VG2.54 (s/n:547613)

;Channel A:Details
;Name:PE9
;Graph Color:RGB(14,104,168)
;Units:J
;Settings:Measuring:Energy
;Settings:Wavelength:206
;Settings:Range:20.0uJ
;Settings:Diffuser:N/A
;Settings:Pulse Width:30uS
;Settings:Threshold:N/A

;Channel A:Statistics
;Min:960.0nJ             
;Max:7.050uJ             
;Average:3.965uJ             
;Std.Dev.:1.011uJ             
;Overrange:0                   
;Total Pulses:2705                
;--------------------


;First Pulse Arrived : 04/08/2022 at 18:05:11
  Timestamp   	  Channel A  	
         0.000	  1.540e-06 	
         0.020	  1.900e-06 	
         0.040	  1.790e-06 	
         0.060	  1.810e-06 	
         0.081	  1.880e-06 	
         0.102	  1.790e-06 	
         0.122	  1.500e-06 	
         0.140	  2.180e-06 	
         0.160	  2.090e-06 	
         0.180	  2.580e-06 	
         0.201	  2.070e-06 	
         0.221	  1.780e-06 	
         0.240	  1.750e-06 	
         0.261	  2.240e-06 	
         0.281	  1.600e-06 	
         0.302	  2.390e-06 	
         0.321	  2.440e-06 	
         0.340	  2.360e-06 	
         0.361	  1.110e-06 	
         0.382	  2.350e-06 	
         0.401	  2.150e-06 	
         0.421	  2.400e-06 	
         0.440	  2.760e-06 	
         0.460	  1.750e-06 	
         0.481	  2.090e-06 	
         0.501	  2.780e-06 	
         0.520	  2.850e-06 	
         0.540	  2.460e-06 	
         0.559	  1.980e-06 	
         0.601	  1.660e-06 	
         0.621	  1.710e-06 	
         0.640	  1.490e-06 	
         0.660	  1.730e-06 	
         0.680	  1.500e-06 	
         0.702	  1.300e-06 	
         0.721	  1.750e-06 	
         0.740	  2.120e-06 	
         0.761	  1.390e-06 	
         0.781	  1.310e-06 	
         0.801	  1.050e-06 	
         0.820	  1.470e-06 	
         0.840	  1.160e-06 	
         0.861	  1.760e-06 	
         0.880	  1.360e-06 	
         0.901	  1.930e-06 	
         0.921	  1.900e-06 	
         0.940	  1.620e-06 	
         0.960	  1.430e-06 	
         0.981	  1.150e-06 	
         1.000	  1.460e-06 	
         1.021	  2.540e-06 	
         1.039	  2.280e-06 	
         1.060	  1.530e-06 	
         1.080	  1.000e-06 	
         1.101	  1.700e-06 	
         1.121	  9.700e-07 	
         1.140	  1.850e-06 	
         1.160	  2.230e-06 	
         1.181	  2.020e-06 	
         1.201	  1.190e-06 	
         1.220	  1.030e-06 	
         1.240	  2.030e-06 	
         1.261	  1.890e-06 	
         1.280	  9.600e-07 	
         1.302	  1.840e-06 	
         1.319	  2.290e-06 	
         1.340	  1.820e-06 	
         1.361	  1.450e-06 	
         1.381	  1.660e-06 	
         1.400	  1.280e-06 	
         1.421	  2.130e-06 	
         1.440	  1.990e-06 	
         1.460	  1.880e-06 	
         1.481	  2.140e-06 	
         1.503	  1.920e-06 	
         1.525	  1.350e-06 	
         1.540	  2.020e-06 	
         1.560	  2.090e-06 	
         1.581	  2.820e-06 	
         1.602	  1.900e-06 	
         1.621	  2.370e-06 	
         1.640	  1.170e-06 	
         1.661	  2.200e-06 	
         1.680	  2.750e-06 	
         1.701	  1.840e-06 	
         1.721	  2.500e-06 	
         1.740	  2.520e-06 	
         1.761	  1.670e-06 	
         1.781	  2.250e-06 	
         1.802	  2.460e-06 	
         1.821	  2.160e-06 	
         1.840	  2.250e-06 	
         1.860	  2.570e-06 	
         1.880	  2.980e-06 	
         1.901	  3.170e-06 	
         1.920	  2.670e-06 	
         1.940	  2.290e-06 	
         1.960	  1.810e-06 	
         1.980	  2.650e-06 	
         2.002	  2.430e-06 	
         2.020	  2.660e-06 	
         2.040	  2.950e-06 	
         2.062	  3.070e-06 	
         2.081	  2.840e-06 	
         2.101	  2.200e-06 	
         2.120	  2.280e-06 	
         2.141	  2.620e-06 	
         2.160	  1.880e-06 	
         2.180	  2.470e-06 	
         2.201	  3.120e-06 	
         2.220	  2.520e-06 	
         2.240	  1.540e-06 	
         2.260	  2.320e-06 	
         2.281	  1.470e-06 	
         2.301	  2.070e-06 	
         2.320	  2.030e-06 	
         2.340	  2.600e-06 	
         2.361	  2.410e-06 	
         2.381	  2.070e-06 	
         2.400	  1.860e-06 	
         2.420	  2.230e-06 	
         2.441	  2.470e-06 	
         2.462	  2.370e-06 	
         2.480	  1.430e-06 	
         2.502	  1.190e-06 	
         2.520	  1.900e-06 	
         2.540	  1.540e-06 	
         2.560	  2.120e-06 	
         2.580	  2.260e-06 	
         2.600	  2.000e-06 	
         2.620	  2.240e-06 	
         2.646	  1.680e-06 	
         2.661	  2.470e-06 	
         2.681	  2.180e-06 	
         2.700	  1.700e-06 	
         2.720	  2.050e-06 	
         2.740	  2.040e-06 	
         2.761	  1.580e-06 	
         2.780	  1.200e-06 	
         2.800	  2.140e-06 	
         2.820	  3.140e-06 	
         2.840	  2.000e-06 	
         2.861	  1.310e-06 	
         2.880	  1.550e-06 	
         2.902	  1.710e-06 	
         2.921	  1.780e-06 	
         2.940	  2.170e-06 	
         2.960	  2.480e-06 	
         2.981	  2.140e-06 	
         3.002	  2.300e-06 	
         3.021	  2.310e-06 	
         3.040	  2.430e-06 	
         3.060	  2.560e-06 	
         3.081	  2.180e-06 	
         3.101	  2.520e-06 	
         3.120	  2.190e-06 	
         3.140	  2.750e-06 	
         3.160	  2.880e-06 	
         3.182	  2.540e-06 	
         3.201	  2.560e-06 	
         3.221	  2.540e-06 	
         3.240	  2.970e-06 	
         3.261	  2.770e-06 	
         3.280	  3.190e-06 	
         3.302	  2.200e-06 	
         3.320	  2.280e-06 	
         3.340	  2.070e-06 	
         3.361	  2.320e-06 	
         3.382	  2.640e-06 	
         3.402	  2.230e-06 	
         3.421	  2.590e-06 	
         3.440	  1.990e-06 	
         3.461	  2.110e-06 	
         3.481	  2.660e-06 	
         3.500	  1.900e-06 	
         3.520	  2.700e-06 	
         3.540	  3.140e-06 	
         3.560	  3.040e-06 	
         3.580	  3.060e-06 	
         3.601	  2.240e-06 	
         3.621	  2.530e-06 	
         3.640	  2.750e-06 	
         3.661	  3.000e-06 	
         3.682	  2.670e-06 	
         3.701	  2.640e-06 	
         3.721	  2.630e-06 	
         3.740	  2.420e-06 	
         3.761	  2.900e-06 	
         3.782	  2.570e-06 	
         3.801	  2.850e-06 	
         3.820	  3.290e-06 	
         3.840	  2.330e-06 	
         3.861	  2.610e-06 	
         3.882	  2.820e-06 	
         3.900	  2.540e-06 	
         3.920	  3.120e-06 	
         3.940	  3.140e-06 	
         3.962	  3.230e-06 	
         3.982	  2.320e-06 	
         4.000	  3.390e-06 	
         4.020	  3.500e-06 	
         4.040	  3.440e-06 	
         4.062	  3.330e-06 	
         4.082	  2.660e-06 	
         4.101	  2.920e-06 	
         4.120	  3.230e-06 	
         4.140	  2.170e-06 	
         4.160	  2.600e-06 	
         4.182	  2.090e-06 	
         4.201	  2.210e-06 	
         4.220	  2.280e-06 	
         4.240	  2.480e-06 	
         4.260	  2.060e-06 	
         4.280	  2.230e-06 	
         4.300	  2.800e-06 	
         4.320	  2.900e-06 	
         4.340	  2.640e-06 	
         4.361	  2.840e-06 	
         4.380	  3.300e-06 	
         4.400	  2.770e-06 	
         4.420	  2.790e-06 	
         4.440	  2.150e-06 	
         4.461	  2.650e-06 	
         4.480	  3.250e-06 	
         4.501	  3.080e-06 	
         4.521	  3.520e-06 	
         4.540	  2.880e-06 	
         4.561	  2.560e-06 	
         4.580	  3.740e-06 	
         4.601	  3.670e-06 	
         4.622	  3.820e-06 	
         4.640	  3.630e-06 	
         4.660	  3.580e-06 	
         4.681	  2.040e-06 	
         4.701	  3.290e-06 	
         4.722	  3.570e-06 	
         4.740	  3.700e-06 	
         4.761	  3.190e-06 	
         4.781	  3.700e-06 	
         4.802	  3.390e-06 	
         4.822	  3.220e-06 	
         4.839	  3.080e-06 	
         4.861	  3.570e-06 	
         4.882	  3.480e-06 	
         4.902	  3.970e-06 	
         4.920	  3.710e-06 	
         4.940	  3.560e-06 	
         4.962	  2.990e-06 	
         4.981	  3.670e-06 	
         5.000	  4.000e-06 	
         5.020	  3.920e-06 	
         5.040	  3.110e-06 	
         5.061	  3.530e-06 	
         5.082	  3.800e-06 	
         5.101	  3.820e-06 	
         5.122	  3.940e-06 	
         5.140	  3.930e-06 	
         5.160	  3.710e-06 	
         5.181	  4.070e-06 	
         5.201	  3.890e-06 	
         5.221	  3.610e-06 	
         5.240	  3.770e-06 	
         5.262	  3.780e-06 	
         5.280	  3.780e-06 	
         5.301	  3.380e-06 	
         5.321	  3.810e-06 	
         5.340	  3.740e-06 	
         5.361	  3.820e-06 	
         5.381	  4.150e-06 	
         5.401	  4.230e-06 	
         5.421	  3.740e-06 	
         5.440	  3.740e-06 	
         5.460	  3.630e-06 	
         5.481	  3.760e-06 	
         5.500	  3.650e-06 	
         5.521	  3.400e-06 	
         5.540	  3.030e-06 	
         5.561	  3.180e-06 	
         5.580	  3.070e-06 	
         5.600	  3.180e-06 	
         5.622	  3.310e-06 	
         5.640	  3.900e-06 	
         5.662	  4.270e-06 	
         5.680	  4.030e-06 	
         5.700	  3.540e-06 	
         5.720	  3.970e-06 	
         5.740	  4.160e-06 	
         5.762	  3.270e-06 	
         5.781	  3.140e-06 	
         5.800	  3.910e-06 	
         5.822	  3.990e-06 	
         5.840	  4.180e-06 	
         5.861	  3.250e-06 	
         5.881	  3.160e-06 	
         5.900	  4.070e-06 	
         5.921	  3.370e-06 	
         5.940	  3.630e-06 	
         5.960	  3.800e-06 	
         5.981	  3.880e-06 	
         6.001	  4.320e-06 	
         6.021	  3.980e-06 	
         6.040	  4.080e-06 	
         6.060	  4.540e-06 	
         6.081	  3.550e-06 	
         6.101	  3.910e-06 	
         6.120	  3.820e-06 	
         6.140	  2.860e-06 	
         6.160	  3.430e-06 	
         6.181	  2.990e-06 	
         6.201	  2.860e-06 	
         6.222	  3.080e-06 	
         6.240	  3.060e-06 	
         6.262	  2.950e-06 	
         6.281	  3.400e-06 	
         6.302	  3.570e-06 	
         6.322	  4.020e-06 	
         6.340	  3.570e-06 	
         6.361	  3.680e-06 	
         6.380	  3.350e-06 	
         6.402	  3.400e-06 	
         6.420	  3.330e-06 	
         6.440	  2.220e-06 	
         6.460	  3.030e-06 	
         6.480	  3.480e-06 	
         6.501	  4.210e-06 	
         6.522	  3.520e-06 	
         6.540	  2.900e-06 	
         6.560	  3.810e-06 	
         6.581	  3.460e-06 	
         6.602	  3.520e-06 	
         6.620	  3.790e-06 	
         6.640	  2.780e-06 	
         6.660	  3.970e-06 	
         6.681	  2.650e-06 	
         6.701	  3.360e-06 	
         6.719	  3.660e-06 	
         6.740	  3.860e-06 	
         6.760	  3.200e-06 	
         6.780	  3.840e-06 	
         6.801	  3.120e-06 	
         6.819	  3.500e-06 	
         6.840	  3.100e-06 	
         6.860	  3.460e-06 	
         6.880	  2.950e-06 	
         6.901	  3.480e-06 	
         6.920	  2.550e-06 	
         6.940	  3.640e-06 	
         6.961	  4.250e-06 	
         6.980	  3.760e-06 	
         7.002	  3.650e-06 	
         7.022	  3.440e-06 	
         7.040	  3.970e-06 	
         7.060	  3.480e-06 	
         7.082	  3.230e-06 	
         7.102	  3.380e-06 	
         7.120	  4.100e-06 	
         7.140	  3.910e-06 	
         7.160	  3.830e-06 	
         7.180	  3.660e-06 	
         7.201	  4.020e-06 	
         7.220	  3.800e-06 	
         7.241	  3.600e-06 	
         7.261	  3.420e-06 	
         7.280	  3.640e-06 	
         7.302	  3.650e-06 	
         7.320	  3.810e-06 	
         7.340	  4.000e-06 	
         7.360	  3.550e-06 	
         7.380	  3.790e-06 	
         7.401	  4.210e-06 	
         7.420	  4.300e-06 	
         7.440	  3.440e-06 	
         7.460	  3.220e-06 	
         7.480	  3.310e-06 	
         7.502	  4.080e-06 	
         7.521	  4.070e-06 	
         7.540	  3.980e-06 	
         7.562	  3.990e-06 	
         7.581	  3.950e-06 	
         7.602	  4.280e-06 	
         7.621	  3.910e-06 	
         7.640	  3.760e-06 	
         7.661	  4.160e-06 	
         7.681	  3.760e-06 	
         7.700	  4.190e-06 	
         7.720	  3.800e-06 	
         7.741	  3.940e-06 	
         7.760	  4.150e-06 	
         7.780	  4.250e-06 	
         7.802	  4.380e-06 	
         7.820	  4.300e-06 	
         7.841	  3.760e-06 	
         7.860	  3.700e-06 	
         7.880	  3.840e-06 	
         7.901	  3.940e-06 	
         7.920	  4.210e-06 	
         7.941	  4.110e-06 	
         7.961	  3.330e-06 	
         7.980	  4.220e-06 	
         8.001	  4.550e-06 	
         8.021	  3.130e-06 	
         8.040	  3.440e-06 	
         8.060	  4.160e-06 	
         8.081	  4.130e-06 	
         8.101	  3.450e-06 	
         8.121	  3.610e-06 	
         8.140	  3.810e-06 	
         8.161	  3.600e-06 	
         8.181	  3.920e-06 	
         8.201	  3.750e-06 	
         8.221	  3.920e-06 	
         8.240	  3.630e-06 	
         8.260	  3.750e-06 	
         8.280	  4.040e-06 	
         8.302	  4.060e-06 	
         8.321	  3.940e-06 	
         8.341	  2.670e-06 	
         8.361	  3.840e-06 	
         8.380	  3.160e-06 	
         8.400	  3.960e-06 	
         8.420	  3.800e-06 	
         8.440	  4.360e-06 	
         8.460	  4.230e-06 	
         8.481	  4.580e-06 	
         8.501	  4.170e-06 	
         8.521	  3.440e-06 	
         8.540	  3.970e-06 	
         8.560	  4.120e-06 	
         8.582	  4.160e-06 	
         8.601	  3.850e-06 	
         8.622	  4.550e-06 	
         8.640	  4.450e-06 	
         8.660	  3.910e-06 	
         8.680	  3.960e-06 	
         8.702	  4.330e-06 	
         8.720	  3.990e-06 	
         8.740	  3.470e-06 	
         8.760	  3.420e-06 	
         8.780	  4.150e-06 	
         8.802	  4.260e-06 	
         8.820	  4.230e-06 	
         8.840	  3.710e-06 	
         8.860	  4.210e-06 	
         8.881	  4.630e-06 	
         8.901	  4.530e-06 	
         8.920	  3.750e-06 	
         8.940	  3.580e-06 	
         8.960	  3.730e-06 	
         8.981	  4.150e-06 	
         9.001	  3.870e-06 	
         9.021	  4.290e-06 	
         9.040	  4.270e-06 	
         9.061	  4.360e-06 	
         9.080	  3.430e-06 	
         9.101	  4.020e-06 	
         9.121	  4.000e-06 	
         9.140	  4.120e-06 	
         9.161	  3.630e-06 	
         9.181	  3.720e-06 	
         9.200	  3.180e-06 	
         9.221	  4.060e-06 	
         9.240	  4.300e-06 	
         9.261	  4.300e-06 	
         9.281	  3.950e-06 	
         9.300	  3.630e-06 	
         9.321	  3.350e-06 	
         9.341	  4.100e-06 	
         9.361	  3.550e-06 	
         9.381	  4.020e-06 	
         9.400	  4.320e-06 	
         9.420	  3.890e-06 	
         9.440	  4.590e-06 	
         9.461	  4.300e-06 	
         9.481	  3.630e-06 	
         9.500	  3.600e-06 	
         9.520	  3.230e-06 	
         9.540	  3.230e-06 	
         9.561	  3.570e-06 	
         9.581	  3.880e-06 	
         9.600	  3.530e-06 	
         9.621	  3.590e-06 	
         9.640	  3.980e-06 	
         9.661	  4.340e-06 	
         9.681	  3.810e-06 	
         9.701	  4.150e-06 	
         9.720	  4.020e-06 	
         9.739	  3.120e-06 	
         9.761	  3.920e-06 	
         9.781	  4.300e-06 	
         9.800	  3.850e-06 	
         9.820	  3.230e-06 	
         9.840	  3.420e-06 	
         9.861	  4.170e-06 	
         9.881	  4.140e-06 	
         9.900	  4.250e-06 	
         9.921	  3.840e-06 	
         9.940	  3.850e-06 	
         9.960	  4.230e-06 	
         9.981	  3.390e-06 	
        10.001	  3.440e-06 	
        10.021	  4.060e-06 	
        10.040	  3.530e-06 	
        10.061	  3.720e-06 	
        10.081	  3.260e-06 	
        10.101	  4.040e-06 	
        10.121	  3.380e-06 	
        10.140	  3.840e-06 	
        10.160	  3.760e-06 	
        10.180	  3.650e-06 	
        10.201	  3.260e-06 	
        10.220	  3.750e-06 	
        10.240	  4.060e-06 	
        10.261	  3.970e-06 	
        10.280	  3.320e-06 	
        10.301	  3.140e-06 	
        10.320	  3.420e-06 	
        10.340	  3.390e-06 	
        10.360	  3.740e-06 	
        10.381	  4.250e-06 	
        10.402	  4.260e-06 	
        10.420	  3.680e-06 	
        10.440	  3.190e-06 	
        10.461	  3.840e-06 	
        10.480	  3.930e-06 	
        10.500	  3.480e-06 	
        10.520	  3.790e-06 	
        10.540	  3.380e-06 	
        10.561	  3.320e-06 	
        10.580	  3.840e-06 	
        10.601	  3.830e-06 	
        10.620	  4.000e-06 	
        10.640	  3.480e-06 	
        10.661	  4.100e-06 	
        10.680	  3.850e-06 	
        10.701	  3.840e-06 	
        10.720	  3.550e-06 	
        10.740	  4.020e-06 	
        10.761	  3.640e-06 	
        10.781	  3.870e-06 	
        10.801	  4.110e-06 	
        10.821	  4.100e-06 	
        10.840	  4.040e-06 	
        10.860	  4.870e-06 	
        10.881	  3.710e-06 	
        10.900	  3.400e-06 	
        10.921	  3.540e-06 	
        10.940	  3.980e-06 	
        10.961	  4.150e-06 	
        10.980	  4.100e-06 	
        11.001	  4.180e-06 	
        11.021	  4.040e-06 	
        11.040	  3.550e-06 	
        11.061	  3.680e-06 	
        11.081	  3.970e-06 	
        11.101	  4.130e-06 	
        11.120	  4.290e-06 	
        11.140	  4.480e-06 	
        11.161	  4.250e-06 	
        11.181	  4.320e-06 	
        11.200	  4.200e-06 	
        11.221	  3.500e-06 	
        11.239	  3.610e-06 	
        11.260	  3.370e-06 	
        11.280	  3.790e-06 	
        11.300	  3.950e-06 	
        11.321	  3.440e-06 	
        11.340	  3.810e-06 	
        11.360	  3.900e-06 	
        11.380	  3.930e-06 	
        11.400	  3.760e-06 	
        11.421	  3.270e-06 	
        11.439	  3.020e-06 	
        11.461	  3.630e-06 	
        11.480	  4.030e-06 	
        11.501	  4.150e-06 	
        11.521	  4.140e-06 	
        11.540	  3.520e-06 	
        11.561	  3.720e-06 	
        11.580	  4.050e-06 	
        11.601	  4.180e-06 	
        11.621	  3.410e-06 	
        11.640	  3.930e-06 	
        11.661	  3.400e-06 	
        11.680	  4.140e-06 	
        11.701	  3.740e-06 	
        11.721	  3.610e-06 	
        11.740	  3.840e-06 	
        11.761	  3.890e-06 	
        11.781	  4.130e-06 	
        11.801	  3.620e-06 	
        11.820	  4.340e-06 	
        11.840	  3.990e-06 	
        11.861	  4.270e-06 	
        11.881	  4.040e-06 	
        11.901	  3.930e-06 	
        11.921	  3.650e-06 	
        11.940	  3.310e-06 	
        11.961	  3.440e-06 	
        11.981	  3.590e-06 	
        12.001	  3.550e-06 	
        12.021	  3.220e-06 	
        12.040	  3.850e-06 	
        12.060	  4.100e-06 	
        12.081	  3.560e-06 	
        12.101	  3.740e-06 	
        12.120	  3.610e-06 	
        12.140	  3.880e-06 	
        12.161	  3.990e-06 	
        12.181	  3.510e-06 	
        12.201	  3.060e-06 	
        12.221	  3.970e-06 	
        12.240	  3.800e-06 	
        12.260	  3.270e-06 	
        12.280	  3.420e-06 	
        12.301	  3.800e-06 	
        12.321	  3.580e-06 	
        12.340	  3.860e-06 	
        12.360	  3.930e-06 	
        12.381	  3.940e-06 	
        12.401	  3.500e-06 	
        12.421	  3.350e-06 	
        12.440	  3.380e-06 	
        12.461	  3.880e-06 	
        12.480	  3.820e-06 	
        12.500	  4.060e-06 	
        12.521	  3.230e-06 	
        12.540	  3.630e-06 	
        12.561	  3.910e-06 	
        12.581	  3.420e-06 	
        12.601	  3.550e-06 	
        12.620	  3.930e-06 	
        12.640	  3.500e-06 	
        12.661	  4.150e-06 	
        12.680	  3.890e-06 	
        12.701	  3.780e-06 	
        12.721	  3.720e-06 	
        12.740	  3.870e-06 	
        12.761	  3.850e-06 	
        12.779	  3.290e-06 	
        12.801	  2.950e-06 	
        12.820	  3.390e-06 	
        12.841	  2.820e-06 	
        12.861	  3.050e-06 	
        12.880	  3.500e-06 	
        12.901	  3.720e-06 	
        12.919	  3.990e-06 	
        12.941	  4.250e-06 	
        12.961	  3.860e-06 	
        12.980	  3.110e-06 	
        13.001	  3.750e-06 	
        13.021	  3.550e-06 	
        13.040	  2.950e-06 	
        13.060	  2.820e-06 	
        13.081	  2.830e-06 	
        13.101	  3.480e-06 	
        13.120	  3.160e-06 	
        13.139	  3.750e-06 	
        13.160	  3.530e-06 	
        13.180	  3.130e-06 	
        13.201	  2.930e-06 	
        13.221	  3.080e-06 	
        13.240	  3.040e-06 	
        13.260	  3.570e-06 	
        13.281	  2.990e-06 	
        13.301	  2.860e-06 	
        13.321	  3.300e-06 	
        13.340	  3.310e-06 	
        13.360	  3.790e-06 	
        13.381	  3.760e-06 	
        13.401	  3.220e-06 	
        13.421	  3.560e-06 	
        13.440	  4.080e-06 	
        13.460	  3.330e-06 	
        13.481	  4.070e-06 	
        13.501	  4.000e-06 	
        13.521	  4.140e-06 	
        13.541	  3.520e-06 	
        13.560	  4.010e-06 	
        13.582	  3.530e-06 	
        13.601	  3.570e-06 	
        13.621	  3.460e-06 	
        13.639	  3.460e-06 	
        13.660	  3.760e-06 	
        13.680	  3.690e-06 	
        13.701	  3.850e-06 	
        13.721	  3.540e-06 	
        13.740	  3.770e-06 	
        13.760	  4.030e-06 	
        13.781	  3.720e-06 	
        13.801	  3.700e-06 	
        13.821	  4.060e-06 	
        13.840	  4.230e-06 	
        13.861	  4.000e-06 	
        13.880	  4.080e-06 	
        13.901	  4.080e-06 	
        13.920	  3.950e-06 	
        13.940	  3.780e-06 	
        13.960	  3.880e-06 	
        13.980	  4.070e-06 	
        14.001	  3.740e-06 	
        14.020	  3.700e-06 	
        14.040	  3.740e-06 	
        14.061	  3.100e-06 	
        14.080	  3.620e-06 	
        14.101	  4.210e-06 	
        14.120	  3.740e-06 	
        14.140	  3.820e-06 	
        14.161	  3.950e-06 	
        14.180	  3.270e-06 	
        14.200	  3.270e-06 	
        14.220	  4.100e-06 	
        14.240	  3.930e-06 	
        14.261	  3.650e-06 	
        14.281	  3.830e-06 	
        14.301	  4.270e-06 	
        14.321	  3.290e-06 	
        14.340	  3.710e-06 	
        14.360	  3.330e-06 	
        14.381	  3.590e-06 	
        14.400	  3.310e-06 	
        14.421	  3.290e-06 	
        14.440	  3.050e-06 	
        14.460	  3.820e-06 	
        14.480	  3.810e-06 	
        14.501	  3.740e-06 	
        14.521	  3.400e-06 	
        14.540	  4.240e-06 	
        14.560	  3.790e-06 	
        14.581	  3.650e-06 	
        14.601	  3.410e-06 	
        14.621	  3.950e-06 	
        14.640	  3.610e-06 	
        14.660	  4.140e-06 	
        14.681	  4.410e-06 	
        14.700	  3.810e-06 	
        14.721	  3.760e-06 	
        14.740	  4.370e-06 	
        14.761	  4.040e-06 	
        14.780	  4.430e-06 	
        14.800	  3.720e-06 	
        14.820	  4.340e-06 	
        14.840	  3.890e-06 	
        14.860	  3.970e-06 	
        14.880	  3.920e-06 	
        14.901	  3.270e-06 	
        14.921	  3.680e-06 	
        14.940	  3.200e-06 	
        14.961	  2.960e-06 	
        14.980	  3.750e-06 	
        15.001	  3.930e-06 	
        15.021	  3.830e-06 	
        15.040	  3.670e-06 	
        15.061	  3.770e-06 	
        15.081	  3.460e-06 	
        15.100	  3.870e-06 	
        15.120	  3.440e-06 	
        15.140	  3.840e-06 	
        15.161	  3.850e-06 	
        15.181	  3.950e-06 	
        15.201	  3.740e-06 	
        15.220	  3.910e-06 	
        15.241	  4.830e-06 	
        15.261	  3.280e-06 	
        15.281	  3.390e-06 	
        15.301	  3.630e-06 	
        15.321	  3.760e-06 	
        15.340	  3.220e-06 	
        15.361	  3.400e-06 	
        15.381	  3.810e-06 	
        15.401	  3.870e-06 	
        15.421	  3.380e-06 	
        15.440	  3.350e-06 	
        15.461	  3.310e-06 	
        15.481	  4.100e-06 	
        15.501	  4.040e-06 	
        15.520	  3.870e-06 	
        15.540	  3.580e-06 	
        15.561	  3.500e-06 	
        15.581	  3.510e-06 	
        15.600	  3.330e-06 	
        15.621	  3.540e-06 	
        15.640	  3.820e-06 	
        15.661	  3.360e-06 	
        15.681	  3.690e-06 	
        15.701	  3.570e-06 	
        15.721	  3.500e-06 	
        15.740	  2.640e-06 	
        15.760	  3.240e-06 	
        15.781	  3.380e-06 	
        15.801	  3.940e-06 	
        15.821	  3.230e-06 	
        15.840	  3.650e-06 	
        15.860	  3.060e-06 	
        15.880	  3.180e-06 	
        15.900	  3.390e-06 	
        15.921	  3.830e-06 	
        15.940	  3.500e-06 	
        15.961	  3.530e-06 	
        15.980	  3.530e-06 	
        16.000	  3.430e-06 	
        16.021	  3.270e-06 	
        16.040	  3.850e-06 	
        16.061	  3.820e-06 	
        16.081	  2.780e-06 	
        16.100	  2.650e-06 	
        16.120	  2.980e-06 	
        16.140	  3.280e-06 	
        16.161	  3.390e-06 	
        16.181	  3.260e-06 	
        16.200	  3.490e-06 	
        16.221	  3.650e-06 	
        16.240	  3.540e-06 	
        16.261	  2.760e-06 	
        16.281	  3.440e-06 	
        16.300	  3.370e-06 	
        16.321	  3.280e-06 	
        16.340	  3.040e-06 	
        16.360	  3.390e-06 	
        16.381	  4.000e-06 	
        16.400	  3.630e-06 	
        16.421	  3.290e-06 	
        16.440	  3.410e-06 	
        16.460	  3.760e-06 	
        16.480	  3.120e-06 	
        16.500	  3.650e-06 	
        16.520	  3.680e-06 	
        16.540	  3.380e-06 	
        16.560	  3.040e-06 	
        16.581	  3.110e-06 	
        16.600	  3.320e-06 	
        16.621	  3.360e-06 	
        16.640	  3.350e-06 	
        16.661	  2.820e-06 	
        16.679	  3.170e-06 	
        16.700	  3.580e-06 	
        16.720	  3.290e-06 	
        16.740	  3.590e-06 	
        16.760	  3.830e-06 	
        16.781	  3.270e-06 	
        16.801	  3.250e-06 	
        16.821	  3.310e-06 	
        16.840	  3.140e-06 	
        16.860	  3.450e-06 	
        16.881	  2.970e-06 	
        16.901	  3.130e-06 	
        16.920	  3.200e-06 	
        16.940	  3.480e-06 	
        16.960	  3.500e-06 	
        16.981	  3.350e-06 	
        17.001	  3.190e-06 	
        17.021	  3.630e-06 	
        17.040	  3.500e-06 	
        17.060	  3.050e-06 	
        17.080	  3.120e-06 	
        17.101	  3.250e-06 	
        17.121	  2.710e-06 	
        17.140	  3.270e-06 	
        17.160	  2.980e-06 	
        17.180	  3.230e-06 	
        17.200	  2.640e-06 	
        17.221	  3.100e-06 	
        17.240	  3.040e-06 	
        17.261	  3.100e-06 	
        17.281	  3.870e-06 	
        17.300	  4.120e-06 	
        17.321	  3.470e-06 	
        17.340	  3.800e-06 	
        17.360	  3.290e-06 	
        17.381	  3.170e-06 	
        17.400	  3.220e-06 	
        17.420	  3.570e-06 	
        17.440	  3.170e-06 	
        17.460	  2.990e-06 	
        17.481	  3.250e-06 	
        17.501	  3.050e-06 	
        17.521	  3.870e-06 	
        17.540	  3.750e-06 	
        17.559	  4.040e-06 	
        17.580	  3.720e-06 	
        17.600	  3.360e-06 	
        17.620	  3.060e-06 	
        17.641	  3.460e-06 	
        17.660	  3.510e-06 	
        17.681	  3.400e-06 	
        17.700	  3.190e-06 	
        17.721	  3.420e-06 	
        17.740	  3.590e-06 	
        17.760	  3.810e-06 	
        17.781	  4.170e-06 	
        17.800	  3.460e-06 	
        17.820	  3.370e-06 	
        17.840	  3.390e-06 	
        17.859	  3.710e-06 	
        17.880	  3.690e-06 	
        17.900	  3.730e-06 	
        17.920	  3.130e-06 	
        17.940	  3.970e-06 	
        17.960	  3.370e-06 	
        17.980	  3.700e-06 	
        18.001	  3.550e-06 	
        18.020	  3.100e-06 	
        18.040	  3.630e-06 	
        18.060	  2.970e-06 	
        18.081	  2.610e-06 	
        18.100	  2.790e-06 	
        18.120	  3.840e-06 	
        18.140	  2.810e-06 	
        18.160	  2.900e-06 	
        18.180	  3.960e-06 	
        18.201	  2.840e-06 	
        18.220	  3.350e-06 	
        18.240	  2.870e-06 	
        18.260	  2.640e-06 	
        18.280	  3.330e-06 	
        18.300	  2.590e-06 	
        18.320	  3.320e-06 	
        18.340	  2.730e-06 	
        18.360	  3.020e-06 	
        18.380	  2.570e-06 	
        18.401	  2.930e-06 	
        18.420	  2.350e-06 	
        18.440	  2.650e-06 	
        18.460	  2.950e-06 	
        18.481	  2.760e-06 	
        18.501	  2.730e-06 	
        18.520	  3.510e-06 	
        18.540	  3.140e-06 	
        18.560	  3.730e-06 	
        18.580	  3.370e-06 	
        18.600	  3.340e-06 	
        18.620	  2.960e-06 	
        18.641	  2.750e-06 	
        18.661	  3.140e-06 	
        18.680	  2.680e-06 	
        18.700	  2.780e-06 	
        18.720	  3.070e-06 	
        18.740	  2.840e-06 	
        18.760	  2.930e-06 	
        18.780	  3.190e-06 	
        18.800	  3.170e-06 	
        18.820	  3.530e-06 	
        18.840	  3.610e-06 	
        18.860	  3.360e-06 	
        18.880	  3.050e-06 	
        18.900	  3.910e-06 	
        18.920	  3.570e-06 	
        18.940	  4.040e-06 	
        18.960	  3.520e-06 	
        18.980	  3.350e-06 	
        19.000	  3.480e-06 	
        19.020	  3.980e-06 	
        19.040	  3.550e-06 	
        19.060	  3.610e-06 	
        19.080	  3.910e-06 	
        19.100	  3.800e-06 	
        19.120	  3.470e-06 	
        19.139	  3.240e-06 	
        19.161	  3.230e-06 	
        19.180	  3.530e-06 	
        19.201	  3.590e-06 	
        19.220	  3.360e-06 	
        19.240	  3.550e-06 	
        19.260	  3.800e-06 	
        19.280	  4.310e-06 	
        19.301	  3.290e-06 	
        19.320	  3.530e-06 	
        19.339	  3.610e-06 	
        19.360	  3.600e-06 	
        19.381	  3.660e-06 	
        19.400	  3.560e-06 	
        19.420	  3.310e-06 	
        19.440	  3.440e-06 	
        19.461	  3.310e-06 	
        19.481	  3.190e-06 	
        19.501	  3.380e-06 	
        19.519	  3.580e-06 	
        19.540	  3.730e-06 	
        19.561	  3.510e-06 	
        19.580	  3.180e-06 	
        19.601	  3.530e-06 	
        19.620	  3.910e-06 	
        19.640	  3.440e-06 	
        19.661	  3.370e-06 	
        19.680	  3.220e-06 	
        19.700	  3.790e-06 	
        19.720	  4.070e-06 	
        19.740	  3.370e-06 	
        19.760	  3.000e-06 	
        19.780	  3.910e-06 	
        19.800	  3.430e-06 	
        19.820	  3.540e-06 	
        19.840	  3.630e-06 	
        19.861	  3.530e-06 	
        19.881	  3.400e-06 	
        19.900	  2.770e-06 	
        19.921	  3.210e-06 	
        19.941	  3.360e-06 	
        19.960	  3.510e-06 	
        19.980	  3.600e-06 	
        20.000	  2.900e-06 	
        20.020	  3.800e-06 	
        20.040	  3.610e-06 	
        20.062	  3.790e-06 	
        20.080	  3.460e-06 	
        20.100	  3.490e-06 	
        20.120	  3.650e-06 	
        20.140	  3.350e-06 	
        20.161	  3.050e-06 	
        20.180	  3.150e-06 	
        20.201	  3.360e-06 	
        20.219	  3.320e-06 	
        20.240	  3.520e-06 	
        20.260	  3.650e-06 	
        20.280	  3.630e-06 	
        20.300	  3.530e-06 	
        20.320	  3.670e-06 	
        20.340	  3.330e-06 	
        20.360	  3.260e-06 	
        20.381	  3.050e-06 	
        20.400	  3.500e-06 	
        20.421	  3.530e-06 	
        20.440	  4.190e-06 	
        20.459	  4.230e-06 	
        20.480	  3.640e-06 	
        20.500	  2.860e-06 	
        20.520	  3.480e-06 	
        20.540	  3.460e-06 	
        20.560	  3.420e-06 	
        20.580	  3.370e-06 	
        20.601	  3.520e-06 	
        20.620	  3.010e-06 	
        20.640	  3.020e-06 	
        20.662	  3.030e-06 	
        20.680	  3.050e-06 	
        20.700	  3.010e-06 	
        20.721	  3.020e-06 	
        20.740	  3.780e-06 	
        20.761	  3.400e-06 	
        20.781	  3.370e-06 	
        20.800	  3.120e-06 	
        20.821	  2.970e-06 	
        20.840	  3.720e-06 	
        20.861	  4.120e-06 	
        20.881	  3.940e-06 	
        20.901	  3.970e-06 	
        20.921	  3.550e-06 	
        20.940	  3.800e-06 	
        20.961	  3.140e-06 	
        20.981	  3.590e-06 	
        21.000	  3.320e-06 	
        21.020	  3.800e-06 	
        21.040	  3.600e-06 	
        21.062	  3.150e-06 	
        21.081	  2.800e-06 	
        21.100	  3.340e-06 	
        21.120	  2.900e-06 	
        21.140	  2.800e-06 	
        21.161	  2.940e-06 	
        21.180	  3.950e-06 	
        21.201	  3.650e-06 	
        21.221	  2.890e-06 	
        21.240	  2.470e-06 	
        21.260	  2.610e-06 	
        21.280	  3.090e-06 	
        21.300	  2.530e-06 	
        21.320	  3.180e-06 	
        21.340	  2.470e-06 	
        21.361	  3.020e-06 	
        21.381	  3.500e-06 	
        21.400	  3.000e-06 	
        21.421	  2.480e-06 	
        21.440	  2.730e-06 	
        21.461	  2.460e-06 	
        21.481	  2.500e-06 	
        21.500	  2.920e-06 	
        21.520	  3.580e-06 	
        21.540	  2.670e-06 	
        21.560	  3.630e-06 	
        21.580	  3.170e-06 	
        21.600	  3.270e-06 	
        21.621	  3.950e-06 	
        21.640	  3.250e-06 	
        21.661	  2.720e-06 	
        21.680	  3.370e-06 	
        21.701	  2.610e-06 	
        21.721	  3.090e-06 	
        21.740	  3.510e-06 	
        21.760	  3.220e-06 	
        21.780	  3.500e-06 	
        21.801	  3.500e-06 	
        21.820	  3.050e-06 	
        21.840	  3.480e-06 	
        21.860	  3.130e-06 	
        21.881	  3.350e-06 	
        21.900	  3.160e-06 	
        21.920	  2.650e-06 	
        21.940	  2.500e-06 	
        21.961	  2.940e-06 	
        21.981	  3.010e-06 	
        22.001	  3.200e-06 	
        22.020	  3.280e-06 	
        22.040	  3.500e-06 	
        22.061	  3.270e-06 	
        22.081	  4.330e-06 	
        22.101	  2.850e-06 	
        22.120	  3.270e-06 	
        22.140	  2.520e-06 	
        22.161	  2.300e-06 	
        22.182	  2.800e-06 	
        22.201	  2.690e-06 	
        22.219	  2.690e-06 	
        22.240	  2.630e-06 	
        22.260	  2.390e-06 	
        22.281	  2.690e-06 	
        22.300	  3.140e-06 	
        22.320	  2.760e-06 	
        22.340	  2.540e-06 	
        22.359	  2.730e-06 	
        22.380	  2.720e-06 	
        22.400	  3.250e-06 	
        22.420	  2.780e-06 	
        22.440	  3.070e-06 	
        22.460	  2.360e-06 	
        22.480	  2.340e-06 	
        22.500	  2.330e-06 	
        22.520	  2.280e-06 	
        22.540	  2.010e-06 	
        22.560	  2.340e-06 	
        22.580	  2.760e-06 	
        22.600	  3.310e-06 	
        22.620	  2.570e-06 	
        22.640	  3.530e-06 	
        22.660	  3.060e-06 	
        22.680	  3.440e-06 	
        22.700	  3.170e-06 	
        22.720	  3.180e-06 	
        22.740	  3.270e-06 	
        22.759	  3.090e-06 	
        22.780	  3.610e-06 	
        22.800	  3.490e-06 	
        22.820	  4.370e-06 	
        22.840	  2.970e-06 	
        22.860	  3.390e-06 	
        22.880	  3.290e-06 	
        22.900	  2.220e-06 	
        22.920	  2.290e-06 	
        22.940	  3.410e-06 	
        22.959	  2.660e-06 	
        22.980	  2.510e-06 	
        23.000	  2.730e-06 	
        23.020	  3.420e-06 	
        23.040	  2.730e-06 	
        23.060	  2.480e-06 	
        23.080	  2.350e-06 	
        23.100	  3.160e-06 	
        23.120	  3.160e-06 	
        23.140	  3.380e-06 	
        23.160	  3.800e-06 	
        23.180	  3.240e-06 	
        23.199	  3.140e-06 	
        23.220	  3.360e-06 	
        23.240	  2.620e-06 	
        23.260	  2.410e-06 	
        23.279	  2.540e-06 	
        23.300	  3.100e-06 	
        23.320	  2.710e-06 	
        23.340	  2.740e-06 	
        23.361	  2.510e-06 	
        23.380	  2.910e-06 	
        23.401	  2.440e-06 	
        23.420	  2.520e-06 	
        23.440	  3.490e-06 	
        23.461	  3.130e-06 	
        23.481	  4.200e-06 	
        23.501	  4.000e-06 	
        23.520	  3.670e-06 	
        23.540	  4.100e-06 	
        23.561	  3.530e-06 	
        23.581	  3.670e-06 	
        23.602	  4.140e-06 	
        23.620	  3.140e-06 	
        23.640	  3.060e-06 	
        23.661	  3.550e-06 	
        23.681	  3.020e-06 	
        23.701	  3.400e-06 	
        23.721	  3.740e-06 	
        23.740	  2.780e-06 	
        23.760	  3.220e-06 	
        23.780	  3.330e-06 	
        23.800	  3.330e-06 	
        23.819	  2.780e-06 	
        23.840	  3.030e-06 	
        23.860	  2.970e-06 	
        23.880	  3.670e-06 	
        23.901	  3.440e-06 	
        23.919	  2.730e-06 	
        23.941	  3.000e-06 	
        23.961	  3.850e-06 	
        23.980	  4.040e-06 	
        24.000	  3.850e-06 	
        24.021	  3.390e-06 	
        24.040	  3.090e-06 	
        24.061	  2.730e-06 	
        24.081	  2.460e-06 	
        24.101	  3.020e-06 	
        24.121	  3.430e-06 	
        24.140	  3.330e-06 	
        24.161	  2.730e-06 	
        24.181	  3.110e-06 	
        24.201	  3.740e-06 	
        24.222	  3.160e-06 	
        24.240	  3.070e-06 	
        24.260	  3.180e-06 	
        24.279	  3.150e-06 	
        24.301	  2.890e-06 	
        24.321	  2.560e-06 	
        24.340	  2.400e-06 	
        24.360	  3.060e-06 	
        24.380	  3.170e-06 	
        24.400	  3.040e-06 	
        24.421	  3.200e-06 	
        24.441	  3.780e-06 	
        24.460	  3.550e-06 	
        24.481	  3.740e-06 	
        24.501	  3.700e-06 	
        24.521	  3.300e-06 	
        24.540	  3.540e-06 	
        24.560	  3.660e-06 	
        24.580	  3.230e-06 	
        24.601	  2.650e-06 	
        24.621	  3.420e-06 	
        24.640	  4.000e-06 	
        24.661	  3.350e-06 	
        24.681	  3.320e-06 	
        24.700	  3.390e-06 	
        24.720	  2.690e-06 	
        24.740	  3.570e-06 	
        24.760	  2.710e-06 	
        24.780	  2.850e-06 	
        24.801	  3.650e-06 	
        24.821	  2.720e-06 	
        24.840	  2.630e-06 	
        24.860	  2.880e-06 	
        24.881	  2.590e-06 	
        24.901	  2.600e-06 	
        24.921	  2.940e-06 	
        24.940	  2.880e-06 	
        24.960	  2.740e-06 	
        24.980	  2.740e-06 	
        25.001	  3.180e-06 	
        25.020	  2.970e-06 	
        25.040	  2.930e-06 	
        25.061	  2.980e-06 	
        25.080	  3.310e-06 	
        25.101	  3.230e-06 	
        25.122	  2.780e-06 	
        25.139	  2.880e-06 	
        25.161	  2.870e-06 	
        25.180	  3.630e-06 	
        25.200	  2.850e-06 	
        25.220	  2.870e-06 	
        25.240	  2.910e-06 	
        25.260	  3.210e-06 	
        25.280	  3.560e-06 	
        25.301	  3.500e-06 	
        25.322	  3.160e-06 	
        25.340	  3.320e-06 	
        25.361	  2.890e-06 	
        25.380	  3.160e-06 	
        25.401	  2.850e-06 	
        25.421	  3.870e-06 	
        25.440	  3.280e-06 	
        25.461	  3.700e-06 	
        25.480	  3.440e-06 	
        25.500	  3.100e-06 	
        25.520	  3.550e-06 	
        25.540	  3.990e-06 	
        25.560	  3.840e-06 	
        25.581	  3.480e-06 	
        25.600	  2.610e-06 	
        25.621	  3.940e-06 	
        25.640	  3.780e-06 	
        25.661	  3.790e-06 	
        25.680	  3.180e-06 	
        25.701	  3.320e-06 	
        25.722	  3.370e-06 	
        25.740	  3.810e-06 	
        25.761	  3.580e-06 	
        25.781	  2.920e-06 	
        25.800	  3.460e-06 	
        25.822	  4.120e-06 	
        25.840	  3.220e-06 	
        25.860	  2.680e-06 	
        25.880	  3.530e-06 	
        25.900	  3.930e-06 	
        25.921	  3.870e-06 	
        25.940	  3.330e-06 	
        25.960	  2.870e-06 	
        25.980	  3.340e-06 	
        26.001	  3.600e-06 	
        26.022	  3.610e-06 	
        26.040	  2.990e-06 	
        26.061	  3.630e-06 	
        26.080	  3.240e-06 	
        26.100	  3.630e-06 	
        26.121	  3.360e-06 	
        26.140	  3.430e-06 	
        26.161	  3.270e-06 	
        26.180	  3.530e-06 	
        26.200	  2.970e-06 	
        26.221	  4.130e-06 	
        26.240	  4.110e-06 	
        26.261	  3.470e-06 	
        26.281	  3.150e-06 	
        26.300	  4.080e-06 	
        26.320	  2.990e-06 	
        26.340	  3.290e-06 	
        26.360	  3.690e-06 	
        26.381	  3.310e-06 	
        26.400	  2.970e-06 	
        26.422	  2.910e-06 	
        26.440	  3.400e-06 	
        26.460	  3.970e-06 	
        26.481	  4.270e-06 	
        26.500	  3.830e-06 	
        26.520	  3.610e-06 	
        26.540	  2.830e-06 	
        26.560	  3.630e-06 	
        26.581	  3.270e-06 	
        26.601	  3.450e-06 	
        26.622	  3.570e-06 	
        26.641	  3.760e-06 	
        26.661	  2.960e-06 	
        26.680	  2.920e-06 	
        26.700	  3.500e-06 	
        26.722	  3.820e-06 	
        26.740	  2.830e-06 	
        26.760	  3.140e-06 	
        26.781	  3.400e-06 	
        26.801	  3.220e-06 	
        26.820	  3.620e-06 	
        26.840	  3.820e-06 	
        26.860	  3.350e-06 	
        26.881	  4.300e-06 	
        26.900	  3.800e-06 	
        26.920	  3.120e-06 	
        26.940	  4.120e-06 	
        26.960	  3.770e-06 	
        26.981	  3.720e-06 	
        27.001	  4.140e-06 	
        27.020	  3.690e-06 	
        27.040	  4.230e-06 	
        27.060	  3.270e-06 	
        27.081	  4.480e-06 	
        27.101	  3.610e-06 	
        27.120	  2.930e-06 	
        27.140	  3.230e-06 	
        27.160	  3.290e-06 	
        27.180	  3.100e-06 	
        27.200	  3.290e-06 	
        27.220	  4.210e-06 	
        27.241	  3.800e-06 	
        27.260	  4.230e-06 	
        27.280	  4.510e-06 	
        27.302	  3.310e-06 	
        27.320	  4.070e-06 	
        27.341	  4.460e-06 	
        27.360	  3.380e-06 	
        27.382	  3.450e-06 	
        27.400	  4.190e-06 	
        27.420	  3.520e-06 	
        27.440	  3.790e-06 	
        27.461	  3.740e-06 	
        27.481	  3.020e-06 	
        27.501	  2.740e-06 	
        27.519	  2.790e-06 	
        27.541	  3.460e-06 	
        27.560	  2.910e-06 	
        27.581	  2.790e-06 	
        27.600	  2.750e-06 	
        27.620	  2.690e-06 	
        27.640	  3.570e-06 	
        27.661	  3.900e-06 	
        27.680	  3.610e-06 	
        27.700	  3.160e-06 	
        27.720	  3.150e-06 	
        27.740	  2.860e-06 	
        27.760	  2.900e-06 	
        27.780	  3.750e-06 	
        27.802	  3.300e-06 	
        27.820	  3.460e-06 	
        27.839	  3.950e-06 	
        27.860	  2.870e-06 	
        27.880	  3.690e-06 	
        27.901	  2.780e-06 	
        27.920	  3.190e-06 	
        27.940	  2.600e-06 	
        27.961	  2.910e-06 	
        27.981	  2.700e-06 	
        28.001	  2.720e-06 	
        28.020	  4.000e-06 	
        28.040	  4.230e-06 	
        28.060	  3.030e-06 	
        28.082	  3.990e-06 	
        28.100	  4.000e-06 	
        28.121	  3.810e-06 	
        28.140	  2.830e-06 	
        28.160	  3.820e-06 	
        28.181	  3.130e-06 	
        28.201	  4.100e-06 	
        28.220	  4.280e-06 	
        28.240	  2.950e-06 	
        28.261	  3.850e-06 	
        28.281	  4.590e-06 	
        28.301	  3.700e-06 	
        28.321	  3.420e-06 	
        28.339	  3.420e-06 	
        28.361	  3.390e-06 	
        28.380	  4.440e-06 	
        28.399	  4.040e-06 	
        28.420	  3.790e-06 	
        28.439	  3.940e-06 	
        28.461	  4.050e-06 	
        28.481	  3.600e-06 	
        28.500	  3.600e-06 	
        28.521	  3.730e-06 	
        28.540	  3.850e-06 	
        28.561	  3.840e-06 	
        28.581	  4.100e-06 	
        28.601	  3.780e-06 	
        28.620	  3.570e-06 	
        28.640	  3.820e-06 	
        28.661	  3.850e-06 	
        28.681	  3.160e-06 	
        28.701	  3.270e-06 	
        28.721	  3.700e-06 	
        28.740	  3.050e-06 	
        28.761	  3.290e-06 	
        28.781	  4.320e-06 	
        28.800	  4.340e-06 	
        28.820	  4.530e-06 	
        28.840	  3.260e-06 	
        28.861	  3.090e-06 	
        28.881	  3.330e-06 	
        28.901	  3.310e-06 	
        28.920	  3.840e-06 	
        28.940	  3.410e-06 	
        28.961	  4.190e-06 	
        28.981	  3.940e-06 	
        29.000	  3.430e-06 	
        29.020	  4.490e-06 	
        29.040	  3.990e-06 	
        29.061	  4.240e-06 	
        29.081	  3.110e-06 	
        29.101	  3.670e-06 	
        29.120	  3.670e-06 	
        29.140	  4.000e-06 	
        29.160	  4.630e-06 	
        29.181	  4.210e-06 	
        29.201	  4.760e-06 	
        29.220	  4.020e-06 	
        29.240	  3.620e-06 	
        29.260	  3.460e-06 	
        29.281	  4.150e-06 	
        29.301	  3.540e-06 	
        29.321	  3.850e-06 	
        29.340	  3.850e-06 	
        29.360	  4.000e-06 	
        29.381	  3.870e-06 	
        29.399	  4.230e-06 	
        29.420	  4.010e-06 	
        29.440	  3.100e-06 	
        29.461	  4.160e-06 	
        29.481	  4.610e-06 	
        29.500	  4.760e-06 	
        29.521	  4.610e-06 	
        29.540	  4.430e-06 	
        29.561	  3.590e-06 	
        29.580	  4.170e-06 	
        29.600	  4.650e-06 	
        29.621	  3.950e-06 	
        29.640	  4.620e-06 	
        29.661	  4.290e-06 	
        29.680	  3.970e-06 	
        29.700	  4.270e-06 	
        29.721	  3.520e-06 	
        29.740	  3.530e-06 	
        29.760	  2.930e-06 	
        29.781	  3.820e-06 	
        29.800	  3.650e-06 	
        29.820	  3.840e-06 	
        29.840	  3.970e-06 	
        29.861	  3.800e-06 	
        29.881	  4.440e-06 	
        29.900	  3.780e-06 	
        29.921	  4.110e-06 	
        29.940	  3.670e-06 	
        29.961	  3.710e-06 	
        29.981	  3.590e-06 	
        30.000	  3.360e-06 	
        30.021	  4.100e-06 	
        30.040	  3.340e-06 	
        30.061	  3.530e-06 	
        30.081	  4.120e-06 	
        30.101	  4.700e-06 	
        30.121	  4.160e-06 	
        30.140	  3.900e-06 	
        30.160	  4.560e-06 	
        30.181	  3.570e-06 	
        30.200	  2.960e-06 	
        30.221	  3.540e-06 	
        30.240	  3.430e-06 	
        30.260	  3.020e-06 	
        30.281	  2.780e-06 	
        30.300	  3.320e-06 	
        30.320	  3.070e-06 	
        30.340	  2.780e-06 	
        30.361	  3.030e-06 	
        30.381	  3.850e-06 	
        30.400	  3.040e-06 	
        30.421	  3.500e-06 	
        30.440	  4.080e-06 	
        30.460	  3.320e-06 	
        30.482	  2.820e-06 	
        30.500	  4.120e-06 	
        30.520	  3.500e-06 	
        30.540	  3.060e-06 	
        30.560	  3.110e-06 	
        30.581	  3.520e-06 	
        30.601	  4.460e-06 	
        30.621	  4.500e-06 	
        30.640	  4.000e-06 	
        30.661	  3.200e-06 	
        30.680	  4.320e-06 	
        30.700	  4.020e-06 	
        30.721	  3.780e-06 	
        30.740	  4.100e-06 	
        30.761	  4.420e-06 	
        30.781	  3.810e-06 	
        30.801	  4.040e-06 	
        30.821	  3.280e-06 	
        30.840	  3.000e-06 	
        30.861	  2.820e-06 	
        30.881	  3.140e-06 	
        30.900	  2.930e-06 	
        30.921	  3.120e-06 	
        30.940	  3.530e-06 	
        30.961	  3.160e-06 	
        30.981	  2.800e-06 	
        31.000	  3.500e-06 	
        31.020	  3.060e-06 	
        31.040	  2.910e-06 	
        31.061	  3.100e-06 	
        31.081	  3.760e-06 	
        31.101	  3.160e-06 	
        31.120	  3.330e-06 	
        31.140	  2.970e-06 	
        31.160	  4.310e-06 	
        31.180	  4.590e-06 	
        31.200	  3.520e-06 	
        31.220	  4.480e-06 	
        31.240	  3.310e-06 	
        31.261	  4.170e-06 	
        31.282	  4.290e-06 	
        31.301	  3.840e-06 	
        31.320	  4.340e-06 	
        31.340	  3.590e-06 	
        31.361	  3.680e-06 	
        31.378	  3.850e-06 	
        31.401	  4.620e-06 	
        31.420	  3.590e-06 	
        31.440	  3.910e-06 	
        31.461	  3.380e-06 	
        31.480	  3.380e-06 	
        31.501	  4.150e-06 	
        31.520	  4.290e-06 	
        31.540	  3.670e-06 	
        31.560	  3.950e-06 	
        31.580	  4.170e-06 	
        31.601	  4.070e-06 	
        31.621	  4.720e-06 	
        31.641	  4.580e-06 	
        31.659	  4.080e-06 	
        31.680	  4.800e-06 	
        31.700	  4.810e-06 	
        31.720	  4.250e-06 	
        31.740	  4.620e-06 	
        31.761	  3.840e-06 	
        31.780	  4.120e-06 	
        31.801	  3.970e-06 	
        31.820	  4.650e-06 	
        31.840	  3.680e-06 	
        31.861	  3.320e-06 	
        31.880	  3.890e-06 	
        31.901	  4.420e-06 	
        31.920	  4.320e-06 	
        31.941	  4.820e-06 	
        31.960	  3.490e-06 	
        31.980	  3.800e-06 	
        32.001	  3.200e-06 	
        32.020	  4.090e-06 	
        32.041	  3.650e-06 	
        32.061	  4.270e-06 	
        32.080	  3.400e-06 	
        32.101	  3.140e-06 	
        32.120	  3.500e-06 	
        32.141	  3.840e-06 	
        32.161	  4.000e-06 	
        32.180	  3.340e-06 	
        32.201	  2.820e-06 	
        32.221	  3.840e-06 	
        32.240	  3.740e-06 	
        32.261	  3.430e-06 	
        32.281	  3.740e-06 	
        32.301	  3.550e-06 	
        32.320	  3.880e-06 	
        32.340	  4.690e-06 	
        32.362	  3.660e-06 	
        32.380	  3.060e-06 	
        32.401	  4.460e-06 	
        32.421	  3.420e-06 	
        32.440	  3.630e-06 	
        32.461	  3.570e-06 	
        32.480	  3.840e-06 	
        32.502	  4.080e-06 	
        32.521	  3.600e-06 	
        32.540	  3.950e-06 	
        32.561	  3.430e-06 	
        32.580	  2.960e-06 	
        32.600	  4.430e-06 	
        32.620	  4.480e-06 	
        32.640	  4.340e-06 	
        32.660	  4.670e-06 	
        32.680	  3.100e-06 	
        32.701	  3.280e-06 	
        32.721	  2.910e-06 	
        32.741	  2.790e-06 	
        32.761	  2.980e-06 	
        32.780	  4.170e-06 	
        32.800	  4.950e-06 	
        32.821	  4.080e-06 	
        32.840	  4.030e-06 	
        32.860	  4.770e-06 	
        32.880	  3.910e-06 	
        32.901	  3.850e-06 	
        32.921	  4.670e-06 	
        32.940	  4.040e-06 	
        32.962	  4.000e-06 	
        32.981	  4.010e-06 	
        33.001	  5.080e-06 	
        33.020	  5.080e-06 	
        33.040	  4.510e-06 	
        33.061	  5.210e-06 	
        33.080	  3.730e-06 	
        33.101	  3.930e-06 	
        33.120	  4.140e-06 	
        33.140	  3.820e-06 	
        33.161	  3.420e-06 	
        33.182	  3.450e-06 	
        33.201	  3.610e-06 	
        33.220	  3.630e-06 	
        33.240	  4.280e-06 	
        33.261	  4.920e-06 	
        33.281	  4.590e-06 	
        33.301	  3.550e-06 	
        33.320	  3.240e-06 	
        33.340	  3.790e-06 	
        33.361	  3.320e-06 	
        33.381	  3.080e-06 	
        33.401	  3.890e-06 	
        33.421	  3.030e-06 	
        33.440	  4.080e-06 	
        33.460	  3.910e-06 	
        33.481	  4.810e-06 	
        33.501	  4.750e-06 	
        33.521	  3.390e-06 	
        33.540	  3.820e-06 	
        33.560	  4.610e-06 	
        33.581	  3.840e-06 	
        33.601	  3.900e-06 	
        33.621	  3.890e-06 	
        33.640	  3.570e-06 	
        33.661	  4.010e-06 	
        33.681	  3.850e-06 	
        33.700	  4.800e-06 	
        33.720	  4.120e-06 	
        33.740	  3.660e-06 	
        33.761	  3.330e-06 	
        33.781	  3.640e-06 	
        33.800	  4.380e-06 	
        33.821	  3.990e-06 	
        33.840	  3.950e-06 	
        33.861	  4.300e-06 	
        33.881	  4.330e-06 	
        33.901	  3.650e-06 	
        33.921	  3.570e-06 	
        33.940	  4.740e-06 	
        33.961	  4.320e-06 	
        33.981	  4.160e-06 	
        34.000	  4.690e-06 	
        34.021	  3.970e-06 	
        34.040	  3.900e-06 	
        34.061	  4.260e-06 	
        34.081	  3.830e-06 	
        34.100	  3.840e-06 	
        34.121	  4.890e-06 	
        34.140	  4.650e-06 	
        34.161	  4.660e-06 	
        34.180	  3.700e-06 	
        34.201	  3.680e-06 	
        34.220	  3.650e-06 	
        34.241	  4.660e-06 	
        34.261	  4.200e-06 	
        34.280	  4.620e-06 	
        34.301	  5.190e-06 	
        34.321	  5.150e-06 	
        34.340	  4.680e-06 	
        34.360	  4.890e-06 	
        34.382	  5.320e-06 	
        34.401	  4.800e-06 	
        34.421	  4.680e-06 	
        34.440	  4.270e-06 	
        34.461	  4.550e-06 	
        34.481	  3.870e-06 	
        34.501	  4.200e-06 	
        34.521	  3.840e-06 	
        34.540	  3.530e-06 	
        34.561	  3.820e-06 	
        34.580	  3.270e-06 	
        34.601	  4.970e-06 	
        34.621	  4.210e-06 	
        34.640	  3.940e-06 	
        34.660	  5.040e-06 	
        34.680	  5.320e-06 	
        34.701	  4.340e-06 	
        34.721	  4.810e-06 	
        34.740	  3.800e-06 	
        34.760	  3.870e-06 	
        34.780	  3.380e-06 	
        34.801	  3.450e-06 	
        34.821	  5.190e-06 	
        34.841	  3.700e-06 	
        34.861	  4.250e-06 	
        34.880	  5.040e-06 	
        34.901	  3.680e-06 	
        34.921	  4.210e-06 	
        34.940	  3.280e-06 	
        34.960	  4.800e-06 	
        34.980	  5.020e-06 	
        35.001	  3.650e-06 	
        35.021	  3.880e-06 	
        35.041	  4.790e-06 	
        35.061	  4.810e-06 	
        35.080	  4.590e-06 	
        35.101	  4.620e-06 	
        35.121	  4.210e-06 	
        35.140	  4.500e-06 	
        35.161	  3.780e-06 	
        35.180	  4.140e-06 	
        35.201	  3.680e-06 	
        35.221	  3.670e-06 	
        35.241	  4.050e-06 	
        35.261	  3.790e-06 	
        35.280	  3.510e-06 	
        35.301	  3.590e-06 	
        35.321	  3.550e-06 	
        35.341	  4.040e-06 	
        35.360	  3.460e-06 	
        35.381	  4.550e-06 	
        35.400	  3.700e-06 	
        35.419	  3.400e-06 	
        35.440	  3.740e-06 	
        35.461	  3.550e-06 	
        35.481	  3.220e-06 	
        35.501	  4.790e-06 	
        35.520	  4.640e-06 	
        35.540	  3.780e-06 	
        35.560	  3.720e-06 	
        35.581	  4.370e-06 	
        35.601	  4.690e-06 	
        35.620	  3.840e-06 	
        35.640	  4.910e-06 	
        35.660	  5.490e-06 	
        35.681	  5.710e-06 	
        35.701	  5.070e-06 	
        35.720	  3.990e-06 	
        35.740	  4.100e-06 	
        35.761	  4.530e-06 	
        35.781	  3.320e-06 	
        35.801	  4.320e-06 	
        35.820	  3.800e-06 	
        35.840	  4.850e-06 	
        35.860	  4.950e-06 	
        35.881	  4.320e-06 	
        35.901	  3.790e-06 	
        35.920	  4.920e-06 	
        35.941	  5.390e-06 	
        35.960	  5.150e-06 	
        35.982	  4.940e-06 	
        36.001	  4.740e-06 	
        36.020	  5.130e-06 	
        36.040	  4.370e-06 	
        36.061	  4.410e-06 	
        36.080	  4.230e-06 	
        36.101	  4.130e-06 	
        36.121	  4.140e-06 	
        36.140	  3.680e-06 	
        36.161	  3.920e-06 	
        36.180	  3.910e-06 	
        36.201	  3.770e-06 	
        36.221	  4.970e-06 	
        36.241	  4.530e-06 	
        36.260	  5.000e-06 	
        36.281	  4.220e-06 	
        36.300	  5.130e-06 	
        36.320	  4.490e-06 	
        36.340	  5.320e-06 	
        36.360	  4.950e-06 	
        36.380	  4.330e-06 	
        36.401	  3.970e-06 	
        36.421	  4.460e-06 	
        36.441	  4.750e-06 	
        36.461	  5.660e-06 	
        36.481	  4.540e-06 	
        36.501	  4.160e-06 	
        36.521	  4.330e-06 	
        36.541	  5.100e-06 	
        36.561	  4.290e-06 	
        36.580	  3.820e-06 	
        36.602	  3.290e-06 	
        36.621	  3.820e-06 	
        36.640	  4.720e-06 	
        36.660	  4.660e-06 	
        36.680	  3.580e-06 	
        36.701	  4.100e-06 	
        36.721	  5.090e-06 	
        36.740	  4.740e-06 	
        36.761	  4.740e-06 	
        36.780	  3.900e-06 	
        36.802	  4.720e-06 	
        36.821	  4.840e-06 	
        36.839	  3.850e-06 	
        36.861	  3.970e-06 	
        36.880	  4.770e-06 	
        36.901	  5.530e-06 	
        36.920	  5.370e-06 	
        36.940	  5.360e-06 	
        36.961	  4.380e-06 	
        36.980	  3.550e-06 	
        37.000	  3.460e-06 	
        37.021	  4.120e-06 	
        37.040	  3.730e-06 	
        37.060	  4.780e-06 	
        37.081	  4.380e-06 	
        37.100	  5.100e-06 	
        37.121	  3.970e-06 	
        37.141	  5.570e-06 	
        37.160	  4.600e-06 	
        37.180	  4.590e-06 	
        37.200	  4.750e-06 	
        37.221	  5.560e-06 	
        37.241	  5.830e-06 	
        37.261	  4.440e-06 	
        37.281	  4.360e-06 	
        37.300	  4.520e-06 	
        37.321	  4.640e-06 	
        37.340	  4.080e-06 	
        37.360	  4.840e-06 	
        37.381	  4.190e-06 	
        37.399	  3.840e-06 	
        37.421	  3.970e-06 	
        37.441	  4.120e-06 	
        37.461	  4.010e-06 	
        37.481	  4.430e-06 	
        37.500	  4.180e-06 	
        37.520	  5.250e-06 	
        37.540	  4.310e-06 	
        37.561	  5.310e-06 	
        37.581	  5.490e-06 	
        37.600	  4.990e-06 	
        37.620	  4.730e-06 	
        37.641	  4.610e-06 	
        37.661	  5.690e-06 	
        37.680	  4.490e-06 	
        37.700	  4.740e-06 	
        37.721	  4.100e-06 	
        37.740	  4.290e-06 	
        37.760	  4.950e-06 	
        37.781	  4.170e-06 	
        37.801	  5.110e-06 	
        37.821	  4.800e-06 	
        37.840	  5.190e-06 	
        37.861	  4.020e-06 	
        37.881	  4.570e-06 	
        37.901	  5.000e-06 	
        37.922	  4.000e-06 	
        37.940	  4.040e-06 	
        37.960	  4.240e-06 	
        37.981	  4.100e-06 	
        38.000	  4.350e-06 	
        38.021	  3.740e-06 	
        38.040	  4.320e-06 	
        38.060	  4.570e-06 	
        38.081	  4.460e-06 	
        38.101	  4.100e-06 	
        38.120	  4.440e-06 	
        38.140	  4.510e-06 	
        38.160	  4.260e-06 	
        38.181	  4.570e-06 	
        38.201	  5.680e-06 	
        38.220	  4.850e-06 	
        38.240	  3.910e-06 	
        38.260	  3.690e-06 	
        38.281	  4.540e-06 	
        38.302	  3.940e-06 	
        38.320	  4.760e-06 	
        38.341	  4.560e-06 	
        38.360	  4.470e-06 	
        38.381	  4.560e-06 	
        38.401	  4.780e-06 	
        38.421	  5.280e-06 	
        38.440	  4.660e-06 	
        38.460	  4.810e-06 	
        38.480	  6.090e-06 	
        38.500	  5.130e-06 	
        38.521	  4.300e-06 	
        38.540	  5.230e-06 	
        38.560	  4.760e-06 	
        38.581	  4.700e-06 	
        38.600	  5.740e-06 	
        38.620	  4.910e-06 	
        38.640	  4.810e-06 	
        38.661	  4.380e-06 	
        38.681	  3.800e-06 	
        38.699	  3.630e-06 	
        38.720	  4.360e-06 	
        38.740	  3.980e-06 	
        38.761	  3.920e-06 	
        38.781	  4.280e-06 	
        38.800	  4.300e-06 	
        38.820	  5.300e-06 	
        38.841	  4.860e-06 	
        38.860	  5.890e-06 	
        38.881	  5.410e-06 	
        38.900	  5.560e-06 	
        38.921	  4.620e-06 	
        38.941	  4.120e-06 	
        38.960	  4.570e-06 	
        38.981	  4.730e-06 	
        39.000	  4.280e-06 	
        39.020	  4.470e-06 	
        39.040	  4.230e-06 	
        39.061	  4.490e-06 	
        39.081	  4.250e-06 	
        39.101	  4.010e-06 	
        39.120	  4.870e-06 	
        39.140	  5.470e-06 	
        39.161	  5.680e-06 	
        39.180	  4.360e-06 	
        39.201	  5.540e-06 	
        39.220	  4.620e-06 	
        39.241	  4.700e-06 	
        39.260	  5.060e-06 	
        39.280	  4.890e-06 	
        39.301	  5.980e-06 	
        39.321	  4.680e-06 	
        39.340	  5.810e-06 	
        39.360	  5.130e-06 	
        39.380	  4.790e-06 	
        39.401	  4.590e-06 	
        39.421	  3.760e-06 	
        39.441	  4.680e-06 	
        39.460	  3.950e-06 	
        39.480	  4.260e-06 	
        39.501	  4.540e-06 	
        39.520	  4.000e-06 	
        39.540	  3.780e-06 	
        39.560	  3.780e-06 	
        39.580	  5.420e-06 	
        39.600	  4.920e-06 	
        39.621	  4.560e-06 	
        39.640	  4.620e-06 	
        39.660	  4.870e-06 	
        39.681	  4.510e-06 	
        39.701	  4.230e-06 	
        39.721	  4.720e-06 	
        39.741	  4.400e-06 	
        39.759	  4.090e-06 	
        39.780	  4.730e-06 	
        39.801	  4.340e-06 	
        39.821	  5.040e-06 	
        39.840	  4.680e-06 	
        39.860	  5.250e-06 	
        39.880	  4.930e-06 	
        39.901	  4.570e-06 	
        39.921	  4.690e-06 	
        39.940	  5.310e-06 	
        39.961	  4.420e-06 	
        39.980	  4.640e-06 	
        40.001	  4.640e-06 	
        40.021	  4.260e-06 	
        40.040	  4.830e-06 	
        40.060	  4.920e-06 	
        40.079	  4.640e-06 	
        40.100	  4.400e-06 	
        40.121	  4.510e-06 	
        40.140	  4.730e-06 	
        40.161	  4.630e-06 	
        40.180	  4.720e-06 	
        40.200	  4.530e-06 	
        40.220	  4.590e-06 	
        40.240	  4.940e-06 	
        40.260	  5.240e-06 	
        40.280	  4.890e-06 	
        40.300	  3.930e-06 	
        40.320	  4.490e-06 	
        40.340	  4.470e-06 	
        40.361	  5.230e-06 	
        40.380	  4.260e-06 	
        40.401	  4.280e-06 	
        40.421	  4.640e-06 	
        40.440	  4.630e-06 	
        40.460	  4.560e-06 	
        40.480	  4.590e-06 	
        40.501	  4.940e-06 	
        40.519	  5.520e-06 	
        40.541	  4.470e-06 	
        40.561	  5.130e-06 	
        40.580	  4.380e-06 	
        40.600	  5.160e-06 	
        40.619	  4.450e-06 	
        40.641	  4.020e-06 	
        40.661	  5.480e-06 	
        40.680	  4.720e-06 	
        40.701	  5.040e-06 	
        40.721	  4.890e-06 	
        40.741	  5.030e-06 	
        40.761	  4.380e-06 	
        40.780	  4.490e-06 	
        40.801	  4.690e-06 	
        40.818	  4.290e-06 	
        40.840	  4.620e-06 	
        40.861	  4.550e-06 	
        40.881	  4.360e-06 	
        40.901	  5.580e-06 	
        40.921	  5.000e-06 	
        40.940	  4.240e-06 	
        40.961	  6.040e-06 	
        40.981	  5.770e-06 	
        41.000	  4.710e-06 	
        41.020	  4.970e-06 	
        41.039	  4.550e-06 	
        41.061	  5.530e-06 	
        41.081	  5.000e-06 	
        41.101	  4.560e-06 	
        41.121	  4.430e-06 	
        41.140	  5.260e-06 	
        41.160	  4.400e-06 	
        41.180	  4.510e-06 	
        41.200	  4.190e-06 	
        41.221	  4.340e-06 	
        41.240	  4.820e-06 	
        41.260	  5.100e-06 	
        41.281	  5.010e-06 	
        41.301	  4.980e-06 	
        41.321	  4.850e-06 	
        41.340	  5.230e-06 	
        41.360	  4.710e-06 	
        41.381	  5.000e-06 	
        41.401	  4.870e-06 	
        41.421	  4.680e-06 	
        41.440	  5.620e-06 	
        41.460	  5.660e-06 	
        41.481	  4.770e-06 	
        41.501	  4.490e-06 	
        41.521	  5.700e-06 	
        41.540	  5.780e-06 	
        41.560	  5.570e-06 	
        41.581	  4.940e-06 	
        41.601	  4.680e-06 	
        41.620	  5.530e-06 	
        41.641	  5.330e-06 	
        41.659	  4.800e-06 	
        41.680	  4.850e-06 	
        41.701	  4.470e-06 	
        41.721	  4.210e-06 	
        41.741	  5.460e-06 	
        41.760	  5.780e-06 	
        41.780	  5.380e-06 	
        41.799	  5.010e-06 	
        41.821	  4.590e-06 	
        41.841	  5.670e-06 	
        41.860	  5.040e-06 	
        41.880	  4.380e-06 	
        41.901	  4.560e-06 	
        41.921	  4.290e-06 	
        41.940	  4.380e-06 	
        41.961	  4.290e-06 	
        41.981	  4.360e-06 	
        42.000	  4.510e-06 	
        42.021	  4.550e-06 	
        42.040	  4.870e-06 	
        42.061	  4.310e-06 	
        42.081	  5.400e-06 	
        42.100	  4.750e-06 	
        42.121	  4.340e-06 	
        42.140	  4.400e-06 	
        42.160	  4.790e-06 	
        42.180	  4.370e-06 	
        42.201	  3.940e-06 	
        42.221	  4.060e-06 	
        42.240	  5.250e-06 	
        42.260	  5.540e-06 	
        42.280	  4.960e-06 	
        42.301	  4.550e-06 	
        42.321	  5.180e-06 	
        42.341	  4.240e-06 	
        42.361	  3.780e-06 	
        42.380	  4.180e-06 	
        42.398	  4.830e-06 	
        42.421	  4.850e-06 	
        42.440	  4.820e-06 	
        42.461	  4.250e-06 	
        42.481	  5.190e-06 	
        42.501	  5.880e-06 	
        42.519	  5.250e-06 	
        42.540	  4.780e-06 	
        42.561	  4.940e-06 	
        42.580	  6.220e-06 	
        42.600	  5.530e-06 	
        42.620	  4.830e-06 	
        42.640	  4.890e-06 	
        42.661	  4.290e-06 	
        42.680	  4.270e-06 	
        42.701	  4.120e-06 	
        42.721	  4.710e-06 	
        42.740	  4.330e-06 	
        42.760	  5.130e-06 	
        42.780	  4.660e-06 	
        42.801	  4.680e-06 	
        42.820	  5.340e-06 	
        42.840	  6.270e-06 	
        42.860	  4.570e-06 	
        42.880	  4.510e-06 	
        42.901	  5.110e-06 	
        42.919	  5.170e-06 	
        42.940	  4.760e-06 	
        42.960	  5.070e-06 	
        42.980	  5.150e-06 	
        43.001	  4.900e-06 	
        43.021	  5.120e-06 	
        43.041	  4.870e-06 	
        43.061	  4.620e-06 	
        43.080	  4.320e-06 	
        43.102	  4.220e-06 	
        43.121	  4.340e-06 	
        43.140	  4.220e-06 	
        43.161	  4.420e-06 	
        43.180	  5.660e-06 	
        43.199	  4.780e-06 	
        43.221	  5.580e-06 	
        43.240	  4.930e-06 	
        43.260	  5.660e-06 	
        43.280	  5.380e-06 	
        43.301	  4.730e-06 	
        43.318	  4.990e-06 	
        43.339	  4.740e-06 	
        43.361	  4.960e-06 	
        43.380	  5.810e-06 	
        43.402	  5.170e-06 	
        43.419	  5.230e-06 	
        43.440	  6.170e-06 	
        43.460	  6.320e-06 	
        43.480	  5.940e-06 	
        43.502	  5.230e-06 	
        43.519	  5.030e-06 	
        43.539	  4.610e-06 	
        43.561	  4.130e-06 	
        43.580	  5.100e-06 	
        43.601	  4.660e-06 	
        43.619	  4.620e-06 	
        43.641	  3.780e-06 	
        43.660	  4.760e-06 	
        43.680	  5.240e-06 	
        43.701	  4.630e-06 	
        43.721	  4.440e-06 	
        43.740	  3.960e-06 	
        43.760	  4.250e-06 	
        43.780	  4.620e-06 	
        43.800	  4.050e-06 	
        43.819	  4.270e-06 	
        43.841	  4.430e-06 	
        43.861	  4.550e-06 	
        43.880	  4.290e-06 	
        43.900	  4.110e-06 	
        43.919	  4.290e-06 	
        43.941	  4.550e-06 	
        43.961	  4.250e-06 	
        43.981	  4.380e-06 	
        44.000	  5.690e-06 	
        44.018	  5.060e-06 	
        44.041	  4.670e-06 	
        44.061	  4.630e-06 	
        44.081	  5.170e-06 	
        44.100	  5.460e-06 	
        44.121	  5.130e-06 	
        44.139	  6.420e-06 	
        44.161	  5.460e-06 	
        44.178	  5.790e-06 	
        44.200	  4.990e-06 	
        44.219	  5.440e-06 	
        44.240	  4.830e-06 	
        44.260	  5.050e-06 	
        44.281	  5.210e-06 	
        44.300	  4.740e-06 	
        44.318	  4.220e-06 	
        44.341	  4.910e-06 	
        44.360	  4.820e-06 	
        44.379	  4.830e-06 	
        44.400	  5.550e-06 	
        44.419	  5.780e-06 	
        44.441	  4.850e-06 	
        44.460	  4.940e-06 	
        44.481	  5.860e-06 	
        44.500	  4.670e-06 	
        44.519	  4.000e-06 	
        44.540	  4.610e-06 	
        44.561	  5.130e-06 	
        44.581	  5.720e-06 	
        44.600	  5.390e-06 	
        44.618	  4.740e-06 	
        44.640	  5.280e-06 	
        44.661	  4.340e-06 	
        44.681	  5.600e-06 	
        44.700	  4.850e-06 	
        44.718	  4.360e-06 	
        44.740	  4.800e-06 	
        44.761	  4.770e-06 	
        44.781	  4.880e-06 	
        44.800	  4.690e-06 	
        44.819	  4.580e-06 	
        44.840	  4.980e-06 	
        44.860	  5.270e-06 	
        44.881	  4.680e-06 	
        44.901	  5.380e-06 	
        44.920	  5.250e-06 	
        44.941	  4.880e-06 	
        44.960	  4.510e-06 	
        44.981	  4.910e-06 	
        45.001	  6.000e-06 	
        45.019	  5.170e-06 	
        45.039	  5.530e-06 	
        45.059	  4.390e-06 	
        45.080	  4.700e-06 	
        45.100	  5.560e-06 	
        45.121	  5.460e-06 	
        45.141	  4.970e-06 	
        45.160	  5.680e-06 	
        45.180	  5.530e-06 	
        45.200	  5.280e-06 	
        45.218	  4.550e-06 	
        45.240	  5.270e-06 	
        45.260	  4.720e-06 	
        45.281	  5.360e-06 	
        45.300	  5.420e-06 	
        45.319	  5.910e-06 	
        45.340	  5.520e-06 	
        45.361	  4.960e-06 	
        45.378	  5.080e-06 	
        45.400	  5.270e-06 	
        45.421	  5.250e-06 	
        45.440	  5.470e-06 	
        45.461	  5.350e-06 	
        45.481	  5.650e-06 	
        45.500	  5.370e-06 	
        45.519	  4.750e-06 	
        45.541	  4.460e-06 	
        45.561	  4.640e-06 	
        45.579	  4.720e-06 	
        45.601	  4.920e-06 	
        45.619	  4.420e-06 	
        45.640	  4.770e-06 	
        45.661	  5.040e-06 	
        45.679	  4.610e-06 	
        45.700	  5.080e-06 	
        45.721	  5.710e-06 	
        45.740	  4.770e-06 	
        45.761	  5.150e-06 	
        45.779	  4.850e-06 	
        45.800	  4.570e-06 	
        45.819	  5.110e-06 	
        45.840	  5.410e-06 	
        45.861	  4.590e-06 	
        45.881	  4.920e-06 	
        45.901	  5.000e-06 	
        45.919	  5.140e-06 	
        45.940	  5.320e-06 	
        45.960	  4.430e-06 	
        45.981	  4.530e-06 	
        46.000	  4.540e-06 	
        46.019	  4.670e-06 	
        46.040	  4.820e-06 	
        46.060	  4.730e-06 	
        46.079	  4.610e-06 	
        46.100	  5.490e-06 	
        46.121	  5.480e-06 	
        46.139	  4.990e-06 	
        46.160	  4.320e-06 	
        46.179	  4.610e-06 	
        46.200	  6.130e-06 	
        46.220	  5.040e-06 	
        46.241	  5.020e-06 	
        46.260	  6.090e-06 	
        46.280	  5.380e-06 	
        46.300	  5.070e-06 	
        46.320	  4.870e-06 	
        46.340	  4.210e-06 	
        46.361	  4.290e-06 	
        46.380	  5.150e-06 	
        46.400	  5.260e-06 	
        46.421	  4.850e-06 	
        46.440	  4.550e-06 	
        46.460	  5.300e-06 	
        46.480	  5.390e-06 	
        46.500	  4.970e-06 	
        46.521	  4.340e-06 	
        46.541	  4.390e-06 	
        46.558	  4.590e-06 	
        46.581	  5.080e-06 	
        46.600	  4.650e-06 	
        46.621	  5.580e-06 	
        46.640	  6.070e-06 	
        46.661	  5.300e-06 	
        46.680	  5.750e-06 	
        46.699	  5.300e-06 	
        46.721	  4.870e-06 	
        46.740	  4.720e-06 	
        46.761	  5.620e-06 	
        46.779	  4.690e-06 	
        46.802	  6.010e-06 	
        46.819	  4.850e-06 	
        46.840	  5.670e-06 	
        46.860	  5.460e-06 	
        46.881	  5.130e-06 	
        46.900	  5.190e-06 	
        46.920	  5.040e-06 	
        46.940	  5.980e-06 	
        46.961	  5.480e-06 	
        46.979	  5.220e-06 	
        47.000	  5.020e-06 	
        47.019	  4.700e-06 	
        47.040	  6.070e-06 	
        47.061	  6.470e-06 	
        47.080	  6.950e-06 	
        47.101	  5.670e-06 	
        47.119	  6.410e-06 	
        47.140	  5.450e-06 	
        47.158	  5.340e-06 	
        47.181	  5.210e-06 	
        47.200	  5.760e-06 	
        47.221	  5.110e-06 	
        47.240	  5.500e-06 	
        47.260	  5.390e-06 	
        47.280	  4.970e-06 	
        47.300	  4.620e-06 	
        47.319	  5.060e-06 	
        47.340	  6.220e-06 	
        47.360	  6.710e-06 	
        47.379	  5.920e-06 	
        47.400	  5.190e-06 	
        47.418	  4.950e-06 	
        47.440	  5.130e-06 	
        47.461	  5.020e-06 	
        47.481	  5.650e-06 	
        47.500	  5.430e-06 	
        47.519	  5.240e-06 	
        47.540	  5.280e-06 	
        47.561	  5.260e-06 	
        47.579	  5.060e-06 	
        47.600	  6.440e-06 	
        47.619	  6.070e-06 	
        47.640	  5.150e-06 	
        47.661	  5.960e-06 	
        47.679	  6.010e-06 	
        47.701	  5.360e-06 	
        47.720	  5.600e-06 	
        47.740	  5.080e-06 	
        47.761	  5.060e-06 	
        47.781	  5.230e-06 	
        47.801	  5.880e-06 	
        47.819	  4.690e-06 	
        47.840	  5.110e-06 	
        47.861	  5.110e-06 	
        47.881	  4.850e-06 	
        47.900	  5.010e-06 	
        47.920	  5.190e-06 	
        47.940	  5.850e-06 	
        47.961	  4.930e-06 	
        47.980	  5.050e-06 	
        48.000	  5.360e-06 	
        48.020	  5.170e-06 	
        48.040	  5.250e-06 	
        48.060	  5.910e-06 	
        48.080	  5.160e-06 	
        48.100	  5.270e-06 	
        48.119	  5.320e-06 	
        48.139	  5.220e-06 	
        48.161	  5.020e-06 	
        48.179	  6.070e-06 	
        48.201	  5.560e-06 	
        48.219	  6.260e-06 	
        48.239	  5.670e-06 	
        48.261	  5.340e-06 	
        48.280	  5.830e-06 	
        48.301	  5.170e-06 	
        48.320	  5.080e-06 	
        48.340	  5.130e-06 	
        48.360	  5.150e-06 	
        48.381	  6.000e-06 	
        48.401	  5.720e-06 	
        48.420	  5.140e-06 	
        48.439	  5.100e-06 	
        48.460	  6.330e-06 	
        48.479	  5.440e-06 	
        48.502	  6.040e-06 	
        48.521	  5.300e-06 	
        48.540	  5.380e-06 	
        48.560	  4.920e-06 	
        48.581	  5.180e-06 	
        48.601	  5.890e-06 	
        48.620	  6.450e-06 	
        48.640	  5.430e-06 	
        48.661	  6.400e-06 	
        48.680	  5.980e-06 	
        48.700	  5.830e-06 	
        48.721	  5.810e-06 	
        48.740	  5.460e-06 	
        48.760	  5.510e-06 	
        48.781	  5.280e-06 	
        48.801	  5.000e-06 	
        48.821	  4.850e-06 	
        48.839	  5.800e-06 	
        48.861	  5.340e-06 	
        48.881	  5.310e-06 	
        48.901	  5.600e-06 	
        48.921	  5.100e-06 	
        48.940	  5.470e-06 	
        48.961	  6.120e-06 	
        48.981	  5.380e-06 	
        49.000	  5.180e-06 	
        49.021	  5.160e-06 	
        49.040	  6.190e-06 	
        49.061	  5.170e-06 	
        49.081	  4.630e-06 	
        49.100	  4.760e-06 	
        49.120	  6.520e-06 	
        49.140	  5.300e-06 	
        49.161	  5.020e-06 	
        49.181	  4.660e-06 	
        49.200	  5.950e-06 	
        49.221	  5.870e-06 	
        49.240	  5.020e-06 	
        49.261	  4.520e-06 	
        49.280	  5.950e-06 	
        49.301	  6.520e-06 	
        49.321	  5.620e-06 	
        49.340	  4.870e-06 	
        49.360	  5.020e-06 	
        49.380	  5.410e-06 	
        49.400	  5.290e-06 	
        49.421	  4.800e-06 	
        49.440	  5.020e-06 	
        49.460	  4.810e-06 	
        49.480	  4.970e-06 	
        49.501	  4.770e-06 	
        49.520	  4.700e-06 	
        49.540	  5.750e-06 	
        49.560	  5.920e-06 	
        49.581	  5.360e-06 	
        49.601	  5.390e-06 	
        49.619	  5.210e-06 	
        49.639	  5.160e-06 	
        49.660	  5.160e-06 	
        49.681	  5.620e-06 	
        49.701	  5.520e-06 	
        49.721	  4.980e-06 	
        49.740	  4.800e-06 	
        49.760	  5.220e-06 	
        49.780	  5.670e-06 	
        49.801	  5.510e-06 	
        49.821	  5.300e-06 	
        49.840	  5.190e-06 	
        49.861	  4.790e-06 	
        49.881	  4.760e-06 	
        49.901	  4.570e-06 	
        49.921	  4.420e-06 	
        49.940	  4.690e-06 	
        49.960	  4.580e-06 	
        49.981	  5.150e-06 	
        50.000	  5.440e-06 	
        50.021	  4.830e-06 	
        50.040	  4.790e-06 	
        50.060	  5.340e-06 	
        50.081	  5.900e-06 	
        50.101	  4.980e-06 	
        50.119	  5.320e-06 	
        50.140	  4.920e-06 	
        50.159	  5.250e-06 	
        50.179	  6.600e-06 	
        50.200	  5.490e-06 	
        50.218	  5.510e-06 	
        50.240	  6.050e-06 	
        50.258	  4.890e-06 	
        50.279	  4.770e-06 	
        50.301	  5.260e-06 	
        50.319	  5.540e-06 	
        50.340	  6.460e-06 	
        50.360	  6.310e-06 	
        50.381	  5.550e-06 	
        50.400	  5.680e-06 	
        50.421	  5.340e-06 	
        50.440	  4.910e-06 	
        50.460	  4.870e-06 	
        50.481	  5.150e-06 	
        50.501	  4.960e-06 	
        50.521	  4.860e-06 	
        50.540	  5.210e-06 	
        50.560	  4.850e-06 	
        50.579	  5.400e-06 	
        50.600	  5.040e-06 	
        50.619	  4.640e-06 	
        50.640	  5.530e-06 	
        50.658	  5.180e-06 	
        50.678	  4.850e-06 	
        50.700	  6.490e-06 	
        50.718	  5.560e-06 	
        50.739	  5.000e-06 	
        50.758	  6.130e-06 	
        50.779	  5.040e-06 	
        50.800	  5.540e-06 	
        50.818	  4.680e-06 	
        50.840	  5.100e-06 	
        50.858	  5.120e-06 	
        50.879	  4.840e-06 	
        50.900	  4.870e-06 	
        50.919	  5.000e-06 	
        50.939	  4.780e-06 	
        50.959	  4.620e-06 	
        50.979	  4.470e-06 	
        51.001	  5.580e-06 	
        51.019	  4.900e-06 	
        51.040	  6.370e-06 	
        51.059	  5.510e-06 	
        51.079	  5.000e-06 	
        51.099	  4.970e-06 	
        51.118	  5.810e-06 	
        51.140	  5.770e-06 	
        51.159	  5.130e-06 	
        51.179	  6.280e-06 	
        51.200	  5.730e-06 	
        51.219	  6.050e-06 	
        51.240	  5.960e-06 	
        51.258	  6.430e-06 	
        51.279	  5.600e-06 	
        51.300	  6.200e-06 	
        51.319	  6.300e-06 	
        51.339	  5.390e-06 	
        51.358	  5.260e-06 	
        51.379	  5.020e-06 	
        51.400	  5.980e-06 	
        51.419	  6.490e-06 	
        51.439	  6.000e-06 	
        51.458	  5.200e-06 	
        51.478	  4.730e-06 	
        51.500	  6.440e-06 	
        51.519	  6.560e-06 	
        51.539	  5.320e-06 	
        51.558	  5.030e-06 	
        51.579	  4.860e-06 	
        51.600	  5.170e-06 	
        51.619	  4.770e-06 	
        51.640	  6.540e-06 	
        51.658	  6.520e-06 	
        51.679	  5.520e-06 	
        51.701	  4.700e-06 	
        51.719	  4.810e-06 	
        51.741	  4.960e-06 	
        51.758	  6.600e-06 	
        51.778	  6.860e-06 	
        51.799	  7.050e-06 	
        51.819	  5.340e-06 	
        51.840	  5.040e-06 	
        51.859	  5.300e-06 	
        51.878	  5.340e-06 	
        51.901	  4.670e-06 	
        51.920	  5.060e-06 	
        51.941	  5.210e-06 	
        51.958	  5.340e-06 	
        51.978	  5.490e-06 	
        52.001	  5.140e-06 	
        52.019	  4.910e-06 	
        52.040	  5.190e-06 	
        52.059	  4.740e-06 	
        52.079	  4.930e-06 	
        52.101	  5.850e-06 	
        52.119	  5.980e-06 	
        52.140	  5.810e-06 	
        52.158	  5.430e-06 	
        52.179	  4.700e-06 	
        52.200	  4.920e-06 	
        52.218	  5.150e-06 	
        52.240	  4.940e-06 	
        52.259	  5.640e-06 	
        52.279	  5.630e-06 	
        52.300	  6.190e-06 	
        52.318	  4.910e-06 	
        52.340	  4.810e-06 	
        52.359	  4.840e-06 	
        52.378	  6.150e-06 	
        52.401	  5.040e-06 	
        52.419	  4.760e-06 	
        52.440	  4.700e-06 	
        52.459	  4.540e-06 	
        52.479	  4.560e-06 	
        52.500	  4.840e-06 	
        52.518	  4.770e-06 	
        52.539	  5.000e-06 	
        52.558	  5.490e-06 	
        52.579	  5.620e-06 	
        52.600	  4.870e-06 	
        52.619	  4.530e-06 	
        52.640	  5.440e-06 	
        52.658	  4.290e-06 	
        52.679	  5.040e-06 	
        52.701	  4.590e-06 	
        52.718	  5.230e-06 	
        52.740	  5.510e-06 	
        52.759	  4.790e-06 	
        52.779	  6.400e-06 	
        52.801	  5.280e-06 	
        52.819	  5.230e-06 	
        52.839	  5.170e-06 	
        52.858	  5.400e-06 	
        52.879	  5.380e-06 	
        52.901	  4.580e-06 	
        52.919	  4.880e-06 	
        52.939	  5.170e-06 	
        52.959	  5.500e-06 	
        52.979	  5.380e-06 	
        53.000	  7.050e-06 	
        53.019	  5.510e-06 	
        53.040	  5.130e-06 	
        53.059	  5.370e-06 	
        53.079	  5.500e-06 	
        53.099	  5.430e-06 	
        53.118	  4.960e-06 	
        53.140	  5.730e-06 	
        53.158	  5.780e-06 	
        53.179	  5.320e-06 	
        53.201	  5.220e-06 	
        53.218	  4.880e-06 	
        53.240	  6.160e-06 	
        53.259	  5.080e-06 	
        53.279	  5.580e-06 	
        53.300	  5.010e-06 	
        53.319	  4.460e-06 	
        53.340	  4.520e-06 	
        53.358	  4.970e-06 	
        53.379	  6.180e-06 	
        53.401	  5.590e-06 	
        53.419	  5.980e-06 	
        53.440	  5.680e-06 	
        53.458	  4.950e-06 	
        53.478	  5.650e-06 	
        53.500	  5.500e-06 	
        53.519	  5.530e-06 	
        53.540	  5.310e-06 	
        53.559	  5.250e-06 	
        53.578	  5.130e-06 	
        53.601	  4.770e-06 	
        53.619	  5.130e-06 	
        53.640	  5.510e-06 	
        53.659	  5.280e-06 	
        53.677	  4.990e-06 	
        53.701	  4.860e-06 	
        53.719	  4.480e-06 	
        53.740	  4.970e-06 	
        53.759	  5.020e-06 	
        53.779	  5.010e-06 	
        53.801	  5.330e-06 	
        53.818	  5.860e-06 	
        53.841	  5.640e-06 	
        53.858	  6.370e-06 	
        53.879	  5.680e-06 	
        53.901	  6.400e-06 	
        53.919	  5.110e-06 	
        53.940	  4.540e-06 	
        53.959	  5.520e-06 	
        53.979	  6.390e-06 	
        54.001	  5.580e-06 	
        54.019	  5.730e-06 	
        54.041	  5.450e-06 	
        54.058	  4.790e-06 	
        54.078	  4.670e-06 	
        54.100	  5.840e-06 	
