;PC Software:StarLab Version 3.72 Build 3
! ******* Warning: Do not modify this file. Changes may prevent   ********
! ******* the StarLab Log reader from opening the file correctly. ********
;Logged:04/08/2022 at 17:38:06
;File Version:5
;Time Resolution:1 microseconds
;Graph Mode:Merge
;Graph Type:Line
;Notes:                                                            

;Channel A:Vega Pyroelectric PE9 (s/n:574745)  VG2.54 (s/n:547613)

;Channel A:Details
;Name:PE9
;Graph Color:RGB(14,104,168)
;Units:J
;Settings:Measuring:Energy
;Settings:Wavelength:206
;Settings:Range:20.0uJ
;Settings:Diffuser:N/A
;Settings:Pulse Width:30uS
;Settings:Threshold:N/A

;Channel A:Statistics
;Min:580.0nJ             
;Max:15.65uJ             
;Average:10.50uJ             
;Std.Dev.:2.973uJ             
;Overrange:0                   
;Total Pulses:3181                
;--------------------


;First Pulse Arrived : 04/08/2022 at 17:38:06
  Timestamp   	  Channel A  	
         0.000	  4.230e-06 	
         0.018	  4.450e-06 	
         0.040	  4.340e-06 	
         0.058	  4.020e-06 	
         0.077	  3.710e-06 	
         0.099	  3.840e-06 	
         0.117	  4.110e-06 	
         0.141	  3.340e-06 	
         0.159	  1.960e-06 	
         0.178	  2.180e-06 	
         0.200	  3.330e-06 	
         0.218	  3.540e-06 	
         0.240	  2.090e-06 	
         0.258	  2.930e-06 	
         0.278	  2.930e-06 	
         0.300	  3.270e-06 	
         0.318	  3.930e-06 	
         0.340	  2.820e-06 	
         0.358	  2.170e-06 	
         0.378	  2.440e-06 	
         0.399	  2.780e-06 	
         0.418	  3.330e-06 	
         0.442	  3.850e-06 	
         0.458	  3.520e-06 	
         0.477	  3.710e-06 	
         0.500	  3.970e-06 	
         0.519	  3.900e-06 	
         0.541	  4.060e-06 	
         0.559	  2.130e-06 	
         0.577	  2.930e-06 	
         0.600	  3.430e-06 	
         0.618	  4.890e-06 	
         0.640	  3.290e-06 	
         0.659	  2.900e-06 	
         0.677	  3.460e-06 	
         0.700	  3.590e-06 	
         0.717	  2.410e-06 	
         0.740	  1.770e-06 	
         0.759	  1.280e-06 	
         0.777	  2.960e-06 	
         0.800	  3.970e-06 	
         0.818	  3.570e-06 	
         0.840	  2.950e-06 	
         0.858	  2.180e-06 	
         0.878	  2.010e-06 	
         0.899	  1.130e-06 	
         0.918	  2.110e-06 	
         0.940	  2.240e-06 	
         0.959	  2.330e-06 	
         0.979	  2.570e-06 	
         0.999	  3.160e-06 	
         1.018	  2.070e-06 	
         1.040	  2.260e-06 	
         1.059	  1.600e-06 	
         1.078	  3.270e-06 	
         1.100	  2.640e-06 	
         1.118	  1.780e-06 	
         1.140	  1.540e-06 	
         1.159	  2.440e-06 	
         1.178	  2.550e-06 	
         1.199	  2.560e-06 	
         1.218	  2.260e-06 	
         1.240	  2.390e-06 	
         1.259	  2.800e-06 	
         1.279	  3.330e-06 	
         1.300	  2.520e-06 	
         1.318	  2.690e-06 	
         1.340	  2.900e-06 	
         1.359	  1.980e-06 	
         1.379	  2.430e-06 	
         1.400	  3.030e-06 	
         1.418	  2.310e-06 	
         1.440	  1.770e-06 	
         1.458	  1.390e-06 	
         1.479	  1.390e-06 	
         1.499	  7.400e-07 	
         1.518	  1.020e-06 	
         1.540	  1.560e-06 	
         1.559	  1.310e-06 	
         1.578	  1.870e-06 	
         1.600	  2.310e-06 	
         1.617	  1.280e-06 	
         1.640	  7.900e-07 	
         1.659	  1.280e-06 	
         1.679	  2.090e-06 	
         1.700	  1.120e-06 	
         1.719	  1.640e-06 	
         1.740	  1.540e-06 	
         1.758	  2.580e-06 	
         1.779	  2.200e-06 	
         1.799	  2.390e-06 	
         1.818	  1.710e-06 	
         1.840	  2.130e-06 	
         1.857	  2.270e-06 	
         1.879	  1.880e-06 	
         1.900	  1.940e-06 	
         1.918	  2.240e-06 	
         1.940	  2.090e-06 	
         1.958	  1.230e-06 	
         1.978	  1.810e-06 	
         2.018	  2.330e-06 	
         2.040	  1.250e-06 	
         2.059	  1.210e-06 	
         2.078	  2.170e-06 	
         2.100	  1.220e-06 	
         2.118	  2.340e-06 	
         2.140	  1.660e-06 	
         2.158	  2.350e-06 	
         2.177	  3.000e-06 	
         2.199	  1.820e-06 	
         2.218	  1.170e-06 	
         2.240	  1.340e-06 	
         2.259	  1.820e-06 	
         2.278	  2.990e-06 	
         2.299	  2.510e-06 	
         2.318	  3.150e-06 	
         2.340	  2.330e-06 	
         2.359	  3.760e-06 	
         2.378	  4.290e-06 	
         2.400	  4.300e-06 	
         2.418	  4.280e-06 	
         2.440	  4.250e-06 	
         2.459	  3.440e-06 	
         2.477	  4.080e-06 	
         2.500	  3.380e-06 	
         2.518	  3.990e-06 	
         2.540	  3.470e-06 	
         2.559	  3.310e-06 	
         2.579	  3.100e-06 	
         2.599	  2.930e-06 	
         2.618	  3.080e-06 	
         2.638	  1.970e-06 	
         2.659	  1.740e-06 	
         2.678	  8.200e-07 	
         2.702	  2.320e-06 	
         2.718	  2.880e-06 	
         2.738	  2.130e-06 	
         2.758	  2.770e-06 	
         2.779	  1.230e-06 	
         2.800	  1.410e-06 	
         2.839	  1.660e-06 	
         2.858	  2.240e-06 	
         2.879	  1.690e-06 	
         2.900	  1.330e-06 	
         2.918	  1.660e-06 	
         2.940	  1.260e-06 	
         2.959	  2.050e-06 	
         2.979	  2.030e-06 	
         3.000	  2.140e-06 	
         3.018	  9.500e-07 	
         3.038	  6.400e-07 	
         3.059	  1.230e-06 	
         3.078	  1.040e-06 	
         3.100	  1.830e-06 	
         3.118	  2.030e-06 	
         3.138	  1.380e-06 	
         3.158	  1.280e-06 	
         3.179	  1.080e-06 	
         3.200	  8.900e-07 	
         3.218	  5.800e-07 	
         3.238	  2.670e-06 	
         3.259	  3.480e-06 	
         3.279	  3.580e-06 	
         3.300	  1.610e-06 	
         3.318	  3.100e-06 	
         3.338	  3.630e-06 	
         3.359	  3.100e-06 	
         3.379	  3.860e-06 	
         3.400	  3.320e-06 	
         3.418	  3.120e-06 	
         3.438	  2.770e-06 	
         3.459	  1.660e-06 	
         3.479	  2.520e-06 	
         3.500	  2.490e-06 	
         3.518	  3.100e-06 	
         3.538	  2.560e-06 	
         3.558	  2.350e-06 	
         3.579	  2.070e-06 	
         3.600	  1.090e-06 	
         3.618	  2.450e-06 	
         3.638	  2.880e-06 	
         3.659	  2.690e-06 	
         3.679	  3.130e-06 	
         3.699	  3.840e-06 	
         3.718	  2.680e-06 	
         3.738	  3.030e-06 	
         3.758	  3.270e-06 	
         3.779	  3.440e-06 	
         3.800	  1.820e-06 	
         3.818	  1.710e-06 	
         3.838	  2.390e-06 	
         3.859	  2.140e-06 	
         3.879	  3.730e-06 	
         3.899	  2.240e-06 	
         3.918	  3.910e-06 	
         3.938	  4.300e-06 	
         3.959	  2.840e-06 	
         3.979	  2.820e-06 	
         4.000	  3.010e-06 	
         4.018	  4.030e-06 	
         4.039	  3.770e-06 	
         4.057	  5.540e-06 	
         4.079	  4.330e-06 	
         4.099	  4.190e-06 	
         4.117	  3.410e-06 	
         4.139	  3.630e-06 	
         4.157	  3.010e-06 	
         4.179	  4.410e-06 	
         4.199	  3.820e-06 	
         4.218	  4.890e-06 	
         4.238	  4.000e-06 	
         4.258	  4.290e-06 	
         4.277	  3.250e-06 	
         4.299	  2.850e-06 	
         4.318	  2.680e-06 	
         4.339	  3.040e-06 	
         4.357	  4.330e-06 	
         4.379	  4.640e-06 	
         4.400	  5.060e-06 	
         4.418	  4.600e-06 	
         4.439	  3.200e-06 	
         4.458	  3.890e-06 	
         4.479	  3.730e-06 	
         4.500	  4.080e-06 	
         4.518	  2.120e-06 	
         4.539	  1.860e-06 	
         4.558	  3.840e-06 	
         4.579	  5.110e-06 	
         4.599	  3.780e-06 	
         4.618	  5.470e-06 	
         4.639	  4.720e-06 	
         4.658	  4.430e-06 	
         4.679	  4.570e-06 	
         4.699	  2.760e-06 	
         4.717	  4.670e-06 	
         4.739	  5.390e-06 	
         4.758	  4.830e-06 	
         4.779	  3.570e-06 	
         4.800	  2.160e-06 	
         4.817	  3.460e-06 	
         4.839	  2.970e-06 	
         4.859	  2.970e-06 	
         4.879	  3.700e-06 	
         4.899	  4.230e-06 	
         4.918	  5.480e-06 	
         4.938	  4.260e-06 	
         4.960	  4.570e-06 	
         4.979	  4.700e-06 	
         4.999	  4.940e-06 	
         5.018	  4.720e-06 	
         5.038	  5.610e-06 	
         5.059	  5.080e-06 	
         5.079	  5.390e-06 	
         5.099	  5.330e-06 	
         5.118	  3.590e-06 	
         5.137	  4.630e-06 	
         5.158	  6.960e-06 	
         5.178	  3.390e-06 	
         5.200	  5.600e-06 	
         5.218	  5.390e-06 	
         5.238	  6.150e-06 	
         5.258	  5.170e-06 	
         5.279	  5.730e-06 	
         5.300	  6.300e-06 	
         5.318	  5.010e-06 	
         5.339	  6.140e-06 	
         5.359	  6.350e-06 	
         5.379	  5.480e-06 	
         5.400	  4.120e-06 	
         5.418	  4.380e-06 	
         5.439	  4.470e-06 	
         5.459	  4.000e-06 	
         5.478	  3.870e-06 	
         5.499	  3.310e-06 	
         5.518	  4.630e-06 	
         5.538	  5.470e-06 	
         5.559	  6.230e-06 	
         5.579	  4.710e-06 	
         5.600	  4.190e-06 	
         5.617	  4.530e-06 	
         5.639	  4.720e-06 	
         5.659	  5.990e-06 	
         5.678	  4.810e-06 	
         5.699	  5.320e-06 	
         5.718	  3.210e-06 	
         5.739	  5.150e-06 	
         5.759	  5.920e-06 	
         5.779	  5.770e-06 	
         5.800	  6.280e-06 	
         5.819	  4.230e-06 	
         5.838	  4.010e-06 	
         5.859	  3.840e-06 	
         5.879	  5.600e-06 	
         5.899	  3.840e-06 	
         5.918	  6.280e-06 	
         5.939	  7.420e-06 	
         5.958	  4.250e-06 	
         5.979	  4.750e-06 	
         6.000	  5.420e-06 	
         6.017	  4.630e-06 	
         6.038	  6.070e-06 	
         6.058	  5.080e-06 	
         6.079	  6.140e-06 	
         6.099	  6.620e-06 	
         6.118	  6.620e-06 	
         6.139	  5.390e-06 	
         6.158	  6.490e-06 	
         6.179	  4.020e-06 	
         6.199	  6.040e-06 	
         6.218	  6.680e-06 	
         6.238	  6.880e-06 	
         6.259	  6.780e-06 	
         6.279	  6.700e-06 	
         6.298	  4.270e-06 	
         6.318	  6.300e-06 	
         6.339	  6.130e-06 	
         6.358	  6.190e-06 	
         6.378	  6.170e-06 	
         6.399	  7.090e-06 	
         6.418	  7.010e-06 	
         6.438	  7.120e-06 	
         6.457	  6.790e-06 	
         6.479	  7.630e-06 	
         6.500	  8.210e-06 	
         6.518	  7.800e-06 	
         6.538	  7.940e-06 	
         6.559	  6.230e-06 	
         6.578	  8.630e-06 	
         6.600	  7.550e-06 	
         6.619	  8.120e-06 	
         6.638	  8.260e-06 	
         6.658	  7.720e-06 	
         6.679	  7.880e-06 	
         6.700	  7.650e-06 	
         6.718	  8.790e-06 	
         6.739	  9.340e-06 	
         6.759	  8.710e-06 	
         6.777	  5.980e-06 	
         6.799	  7.330e-06 	
         6.818	  6.880e-06 	
         6.839	  7.600e-06 	
         6.859	  6.260e-06 	
         6.877	  7.730e-06 	
         6.899	  7.760e-06 	
         6.918	  5.080e-06 	
         6.939	  6.530e-06 	
         6.959	  6.150e-06 	
         6.978	  3.620e-06 	
         7.000	  6.000e-06 	
         7.018	  7.880e-06 	
         7.038	  7.830e-06 	
         7.058	  8.040e-06 	
         7.078	  7.130e-06 	
         7.100	  7.370e-06 	
         7.118	  6.660e-06 	
         7.139	  8.510e-06 	
         7.159	  7.840e-06 	
         7.177	  6.260e-06 	
         7.200	  7.330e-06 	
         7.218	  7.010e-06 	
         7.239	  7.290e-06 	
         7.259	  8.270e-06 	
         7.277	  7.920e-06 	
         7.299	  7.580e-06 	
         7.318	  6.710e-06 	
         7.337	  8.340e-06 	
         7.359	  6.810e-06 	
         7.377	  4.570e-06 	
         7.400	  6.920e-06 	
         7.419	  7.210e-06 	
         7.438	  7.880e-06 	
         7.458	  7.250e-06 	
         7.478	  7.890e-06 	
         7.500	  7.930e-06 	
         7.518	  7.500e-06 	
         7.538	  8.020e-06 	
         7.557	  7.750e-06 	
         7.577	  7.370e-06 	
         7.600	  6.370e-06 	
         7.618	  5.540e-06 	
         7.637	  5.470e-06 	
         7.657	  5.900e-06 	
         7.677	  6.630e-06 	
         7.700	  7.420e-06 	
         7.718	  6.920e-06 	
         7.738	  5.620e-06 	
         7.759	  4.850e-06 	
         7.778	  6.090e-06 	
         7.800	  7.080e-06 	
         7.818	  6.300e-06 	
         7.839	  5.640e-06 	
         7.857	  4.930e-06 	
         7.877	  4.890e-06 	
         7.899	  4.710e-06 	
         7.918	  5.640e-06 	
         7.938	  8.320e-06 	
         7.957	  4.740e-06 	
         7.979	  6.090e-06 	
         8.000	  6.410e-06 	
         8.018	  7.200e-06 	
         8.037	  5.180e-06 	
         8.059	  7.580e-06 	
         8.079	  6.840e-06 	
         8.100	  7.140e-06 	
         8.118	  8.180e-06 	
         8.139	  7.650e-06 	
         8.159	  7.740e-06 	
         8.179	  4.890e-06 	
         8.200	  5.960e-06 	
         8.218	  7.720e-06 	
         8.238	  7.440e-06 	
         8.259	  7.060e-06 	
         8.277	  8.720e-06 	
         8.300	  8.180e-06 	
         8.317	  8.320e-06 	
         8.338	  5.910e-06 	
         8.359	  5.360e-06 	
         8.378	  7.930e-06 	
         8.400	  6.070e-06 	
         8.418	  4.620e-06 	
         8.438	  5.510e-06 	
         8.459	  6.320e-06 	
         8.479	  5.360e-06 	
         8.500	  6.610e-06 	
         8.518	  6.550e-06 	
         8.537	  6.720e-06 	
         8.559	  5.390e-06 	
         8.579	  4.280e-06 	
         8.600	  5.060e-06 	
         8.618	  7.580e-06 	
         8.638	  7.020e-06 	
         8.659	  5.390e-06 	
         8.679	  6.560e-06 	
         8.700	  5.450e-06 	
         8.718	  7.200e-06 	
         8.738	  8.480e-06 	
         8.759	  7.570e-06 	
         8.779	  6.600e-06 	
         8.800	  7.840e-06 	
         8.819	  5.340e-06 	
         8.838	  7.340e-06 	
         8.859	  6.740e-06 	
         8.879	  7.310e-06 	
         8.899	  7.110e-06 	
         8.918	  7.660e-06 	
         8.938	  8.730e-06 	
         8.959	  9.190e-06 	
         8.979	  9.380e-06 	
         9.000	  5.660e-06 	
         9.018	  8.470e-06 	
         9.037	  7.610e-06 	
         9.058	  7.970e-06 	
         9.079	  8.340e-06 	
         9.100	  8.830e-06 	
         9.118	  9.690e-06 	
         9.139	  6.420e-06 	
         9.158	  8.280e-06 	
         9.178	  9.720e-06 	
         9.199	  9.960e-06 	
         9.218	  9.670e-06 	
         9.239	  9.030e-06 	
         9.258	  7.430e-06 	
         9.279	  7.350e-06 	
         9.300	  6.200e-06 	
         9.318	  6.410e-06 	
         9.337	  8.570e-06 	
         9.358	  7.630e-06 	
         9.378	  8.790e-06 	
         9.400	  7.500e-06 	
         9.417	  9.210e-06 	
         9.439	  8.120e-06 	
         9.458	  7.350e-06 	
         9.479	  7.760e-06 	
         9.500	  7.990e-06 	
         9.518	  7.570e-06 	
         9.538	  9.290e-06 	
         9.557	  8.680e-06 	
         9.579	  7.200e-06 	
         9.600	  5.750e-06 	
         9.618	  6.980e-06 	
         9.639	  7.950e-06 	
         9.658	  8.780e-06 	
         9.679	  9.750e-06 	
         9.699	  9.680e-06 	
         9.718	  1.016e-05 	
         9.738	  9.770e-06 	
         9.758	  9.110e-06 	
         9.779	  9.360e-06 	
         9.800	  7.800e-06 	
         9.817	  9.030e-06 	
         9.839	  7.200e-06 	
         9.858	  1.001e-05 	
         9.878	  8.040e-06 	
         9.899	  9.260e-06 	
         9.918	  9.000e-06 	
         9.939	  7.470e-06 	
         9.958	  9.110e-06 	
         9.979	  1.040e-05 	
        10.000	  1.001e-05 	
        10.018	  9.500e-06 	
        10.039	  9.430e-06 	
        10.059	  9.360e-06 	
        10.079	  8.910e-06 	
        10.099	  8.340e-06 	
        10.118	  8.810e-06 	
        10.139	  9.250e-06 	
        10.158	  9.550e-06 	
        10.178	  8.090e-06 	
        10.200	  1.037e-05 	
        10.218	  1.032e-05 	
        10.239	  6.960e-06 	
        10.258	  6.800e-06 	
        10.279	  8.450e-06 	
        10.299	  7.620e-06 	
        10.317	  9.260e-06 	
        10.339	  9.010e-06 	
        10.359	  9.160e-06 	
        10.379	  9.100e-06 	
        10.400	  8.950e-06 	
        10.418	  6.590e-06 	
        10.438	  7.640e-06 	
        10.458	  7.420e-06 	
        10.479	  8.060e-06 	
        10.499	  7.010e-06 	
        10.518	  8.100e-06 	
        10.538	  8.680e-06 	
        10.558	  6.240e-06 	
        10.578	  6.250e-06 	
        10.600	  7.140e-06 	
        10.617	  8.340e-06 	
        10.638	  9.120e-06 	
        10.659	  9.990e-06 	
        10.678	  1.002e-05 	
        10.700	  6.900e-06 	
        10.718	  7.590e-06 	
        10.738	  9.840e-06 	
        10.759	  9.070e-06 	
        10.778	  8.190e-06 	
        10.801	  9.490e-06 	
        10.818	  8.700e-06 	
        10.838	  1.043e-05 	
        10.859	  7.150e-06 	
        10.878	  7.370e-06 	
        10.900	  6.180e-06 	
        10.918	  8.850e-06 	
        10.939	  8.310e-06 	
        10.957	  9.570e-06 	
        10.978	  1.127e-05 	
        10.999	  1.060e-05 	
        11.018	  7.950e-06 	
        11.038	  9.470e-06 	
        11.057	  6.430e-06 	
        11.078	  8.780e-06 	
        11.100	  1.032e-05 	
        11.118	  1.078e-05 	
        11.138	  1.135e-05 	
        11.158	  1.065e-05 	
        11.177	  9.700e-06 	
        11.200	  7.910e-06 	
        11.218	  8.900e-06 	
        11.238	  9.980e-06 	
        11.258	  9.340e-06 	
        11.278	  9.210e-06 	
        11.299	  9.710e-06 	
        11.318	  9.060e-06 	
        11.337	  1.061e-05 	
        11.359	  8.570e-06 	
        11.378	  8.350e-06 	
        11.399	  9.360e-06 	
        11.418	  1.000e-05 	
        11.439	  1.037e-05 	
        11.457	  1.126e-05 	
        11.478	  9.940e-06 	
        11.499	  9.940e-06 	
        11.518	  1.017e-05 	
        11.538	  9.510e-06 	
        11.558	  9.550e-06 	
        11.579	  1.063e-05 	
        11.599	  1.085e-05 	
        11.618	  9.750e-06 	
        11.638	  9.130e-06 	
        11.659	  8.650e-06 	
        11.678	  8.370e-06 	
        11.700	  9.940e-06 	
        11.718	  1.046e-05 	
        11.738	  1.030e-05 	
        11.759	  1.127e-05 	
        11.779	  1.032e-05 	
        11.799	  1.034e-05 	
        11.818	  9.840e-06 	
        11.839	  1.095e-05 	
        11.858	  1.061e-05 	
        11.878	  1.106e-05 	
        11.899	  7.790e-06 	
        11.918	  7.090e-06 	
        11.937	  8.700e-06 	
        11.958	  9.940e-06 	
        11.978	  8.680e-06 	
        12.000	  1.046e-05 	
        12.018	  9.040e-06 	
        12.038	  9.420e-06 	
        12.058	  1.122e-05 	
        12.079	  1.069e-05 	
        12.100	  1.172e-05 	
        12.118	  1.096e-05 	
        12.138	  9.240e-06 	
        12.158	  9.920e-06 	
        12.178	  9.810e-06 	
        12.199	  9.990e-06 	
        12.218	  1.026e-05 	
        12.239	  9.150e-06 	
        12.257	  1.109e-05 	
        12.279	  1.177e-05 	
        12.299	  1.074e-05 	
        12.319	  9.560e-06 	
        12.338	  7.540e-06 	
        12.358	  1.065e-05 	
        12.379	  1.156e-05 	
        12.400	  1.035e-05 	
        12.418	  1.101e-05 	
        12.438	  1.087e-05 	
        12.458	  1.064e-05 	
        12.479	  9.830e-06 	
        12.500	  9.900e-06 	
        12.518	  1.016e-05 	
        12.538	  1.127e-05 	
        12.558	  1.171e-05 	
        12.579	  1.059e-05 	
        12.600	  9.910e-06 	
        12.618	  1.058e-05 	
        12.638	  9.680e-06 	
        12.658	  8.270e-06 	
        12.678	  8.960e-06 	
        12.699	  7.140e-06 	
        12.719	  8.630e-06 	
        12.738	  9.660e-06 	
        12.757	  1.032e-05 	
        12.778	  8.640e-06 	
        12.799	  8.120e-06 	
        12.818	  7.450e-06 	
        12.838	  7.770e-06 	
        12.858	  1.022e-05 	
        12.877	  1.043e-05 	
        12.899	  1.158e-05 	
        12.918	  1.045e-05 	
        12.938	  1.136e-05 	
        12.959	  9.380e-06 	
        12.979	  1.104e-05 	
        12.999	  7.600e-06 	
        13.018	  7.720e-06 	
        13.038	  9.220e-06 	
        13.058	  8.880e-06 	
        13.079	  8.910e-06 	
        13.099	  7.520e-06 	
        13.118	  9.250e-06 	
        13.138	  9.890e-06 	
        13.158	  9.390e-06 	
        13.178	  8.360e-06 	
        13.200	  8.250e-06 	
        13.218	  1.050e-05 	
        13.238	  1.101e-05 	
        13.257	  1.086e-05 	
        13.278	  9.510e-06 	
        13.300	  9.660e-06 	
        13.318	  1.072e-05 	
        13.338	  1.208e-05 	
        13.358	  1.172e-05 	
        13.378	  1.017e-05 	
        13.400	  1.015e-05 	
        13.418	  1.031e-05 	
        13.438	  9.060e-06 	
        13.458	  9.310e-06 	
        13.478	  1.118e-05 	
        13.500	  1.139e-05 	
        13.517	  9.990e-06 	
        13.537	  1.126e-05 	
        13.558	  1.154e-05 	
        13.578	  1.107e-05 	
        13.599	  1.075e-05 	
        13.618	  1.030e-05 	
        13.638	  1.019e-05 	
        13.658	  9.620e-06 	
        13.678	  8.530e-06 	
        13.699	  1.079e-05 	
        13.718	  1.112e-05 	
        13.738	  1.133e-05 	
        13.758	  1.110e-05 	
        13.778	  1.133e-05 	
        13.799	  1.158e-05 	
        13.818	  1.220e-05 	
        13.837	  1.119e-05 	
        13.858	  1.099e-05 	
        13.878	  9.060e-06 	
        13.899	  1.069e-05 	
        13.918	  1.086e-05 	
        13.938	  9.570e-06 	
        13.958	  8.160e-06 	
        13.978	  9.920e-06 	
        14.000	  1.109e-05 	
        14.018	  1.088e-05 	
        14.038	  1.055e-05 	
        14.058	  1.013e-05 	
        14.078	  1.107e-05 	
        14.099	  1.043e-05 	
        14.118	  1.133e-05 	
        14.138	  8.400e-06 	
        14.158	  1.011e-05 	
        14.178	  1.073e-05 	
        14.199	  1.110e-05 	
        14.218	  1.156e-05 	
        14.238	  9.870e-06 	
        14.259	  9.400e-06 	
        14.278	  1.139e-05 	
        14.299	  9.970e-06 	
        14.318	  1.035e-05 	
        14.338	  1.130e-05 	
        14.358	  9.940e-06 	
        14.378	  1.094e-05 	
        14.399	  1.127e-05 	
        14.418	  1.146e-05 	
        14.438	  1.006e-05 	
        14.458	  1.079e-05 	
        14.479	  1.128e-05 	
        14.499	  1.144e-05 	
        14.518	  1.112e-05 	
        14.538	  8.980e-06 	
        14.558	  1.045e-05 	
        14.578	  9.070e-06 	
        14.600	  8.950e-06 	
        14.618	  1.059e-05 	
        14.639	  1.064e-05 	
        14.657	  9.580e-06 	
        14.678	  1.050e-05 	
        14.700	  1.111e-05 	
        14.718	  8.890e-06 	
        14.738	  1.058e-05 	
        14.758	  1.129e-05 	
        14.778	  1.218e-05 	
        14.799	  1.191e-05 	
        14.818	  1.216e-05 	
        14.838	  1.172e-05 	
        14.857	  8.160e-06 	
        14.878	  1.031e-05 	
        14.900	  1.077e-05 	
        14.918	  7.890e-06 	
        14.938	  9.100e-06 	
        14.958	  9.330e-06 	
        14.978	  1.123e-05 	
        14.999	  1.086e-05 	
        15.018	  8.780e-06 	
        15.038	  9.690e-06 	
        15.057	  9.140e-06 	
        15.079	  8.920e-06 	
        15.100	  1.073e-05 	
        15.118	  1.124e-05 	
        15.138	  9.610e-06 	
        15.157	  8.530e-06 	
        15.178	  9.920e-06 	
        15.199	  1.076e-05 	
        15.218	  1.055e-05 	
        15.238	  1.162e-05 	
        15.257	  1.172e-05 	
        15.278	  1.206e-05 	
        15.300	  1.221e-05 	
        15.318	  1.201e-05 	
        15.338	  9.620e-06 	
        15.357	  8.420e-06 	
        15.379	  7.890e-06 	
        15.400	  1.079e-05 	
        15.418	  8.380e-06 	
        15.438	  7.860e-06 	
        15.458	  7.600e-06 	
        15.478	  9.190e-06 	
        15.498	  9.820e-06 	
        15.517	  1.104e-05 	
        15.538	  1.000e-05 	
        15.558	  9.040e-06 	
        15.578	  9.010e-06 	
        15.599	  9.640e-06 	
        15.618	  1.065e-05 	
        15.638	  1.007e-05 	
        15.658	  1.022e-05 	
        15.678	  1.002e-05 	
        15.699	  1.120e-05 	
        15.718	  9.890e-06 	
        15.739	  9.640e-06 	
        15.758	  8.360e-06 	
        15.778	  8.840e-06 	
        15.800	  1.106e-05 	
        15.818	  1.220e-05 	
        15.837	  1.032e-05 	
        15.859	  1.028e-05 	
        15.878	  1.174e-05 	
        15.899	  1.129e-05 	
        15.918	  1.044e-05 	
        15.939	  9.060e-06 	
        15.958	  1.009e-05 	
        15.979	  1.044e-05 	
        15.999	  1.159e-05 	
        16.018	  1.023e-05 	
        16.038	  1.165e-05 	
        16.058	  1.178e-05 	
        16.077	  9.500e-06 	
        16.100	  9.960e-06 	
        16.119	  9.660e-06 	
        16.138	  9.950e-06 	
        16.158	  1.099e-05 	
        16.178	  9.740e-06 	
        16.200	  8.200e-06 	
        16.219	  1.071e-05 	
        16.238	  1.082e-05 	
        16.258	  1.037e-05 	
        16.278	  9.820e-06 	
        16.300	  9.620e-06 	
        16.318	  8.270e-06 	
        16.337	  1.010e-05 	
        16.358	  9.470e-06 	
        16.378	  1.086e-05 	
        16.400	  1.093e-05 	
        16.418	  1.172e-05 	
        16.439	  1.016e-05 	
        16.459	  1.063e-05 	
        16.478	  1.043e-05 	
        16.500	  9.550e-06 	
        16.518	  8.950e-06 	
        16.537	  8.330e-06 	
        16.559	  1.047e-05 	
        16.579	  9.830e-06 	
        16.601	  1.014e-05 	
        16.618	  1.023e-05 	
        16.637	  1.155e-05 	
        16.659	  1.012e-05 	
        16.678	  1.154e-05 	
        16.700	  1.147e-05 	
        16.718	  9.670e-06 	
        16.737	  1.074e-05 	
        16.759	  1.146e-05 	
        16.778	  9.270e-06 	
        16.800	  8.550e-06 	
        16.818	  1.004e-05 	
        16.839	  1.017e-05 	
        16.858	  8.890e-06 	
        16.879	  9.040e-06 	
        16.900	  9.710e-06 	
        16.918	  1.126e-05 	
        16.938	  1.094e-05 	
        16.958	  1.041e-05 	
        16.978	  1.142e-05 	
        17.000	  1.161e-05 	
        17.018	  9.470e-06 	
        17.038	  1.109e-05 	
        17.059	  9.770e-06 	
        17.078	  1.110e-05 	
        17.099	  1.051e-05 	
        17.117	  9.980e-06 	
        17.138	  1.063e-05 	
        17.159	  9.570e-06 	
        17.178	  1.171e-05 	
        17.200	  1.001e-05 	
        17.218	  1.084e-05 	
        17.238	  1.159e-05 	
        17.258	  1.063e-05 	
        17.278	  1.113e-05 	
        17.300	  1.098e-05 	
        17.317	  1.105e-05 	
        17.338	  1.216e-05 	
        17.359	  1.171e-05 	
        17.378	  1.034e-05 	
        17.399	  1.140e-05 	
        17.418	  9.550e-06 	
        17.438	  1.022e-05 	
        17.458	  1.118e-05 	
        17.479	  1.114e-05 	
        17.500	  1.242e-05 	
        17.517	  1.249e-05 	
        17.538	  1.146e-05 	
        17.558	  1.062e-05 	
        17.578	  1.007e-05 	
        17.600	  1.029e-05 	
        17.618	  1.115e-05 	
        17.639	  1.183e-05 	
        17.658	  1.171e-05 	
        17.679	  1.088e-05 	
        17.699	  1.075e-05 	
        17.718	  1.056e-05 	
        17.738	  8.850e-06 	
        17.758	  1.007e-05 	
        17.778	  1.127e-05 	
        17.800	  1.160e-05 	
        17.818	  1.005e-05 	
        17.838	  1.031e-05 	
        17.857	  1.116e-05 	
        17.878	  1.225e-05 	
        17.899	  1.120e-05 	
        17.918	  1.210e-05 	
        17.939	  1.206e-05 	
        17.958	  9.850e-06 	
        17.979	  1.012e-05 	
        18.000	  1.177e-05 	
        18.018	  1.167e-05 	
        18.037	  9.420e-06 	
        18.058	  1.133e-05 	
        18.078	  1.054e-05 	
        18.100	  1.151e-05 	
        18.118	  1.083e-05 	
        18.138	  1.130e-05 	
        18.158	  1.150e-05 	
        18.178	  1.178e-05 	
        18.200	  1.218e-05 	
        18.218	  1.214e-05 	
        18.238	  1.168e-05 	
        18.258	  1.017e-05 	
        18.278	  1.181e-05 	
        18.299	  1.255e-05 	
        18.318	  1.015e-05 	
        18.339	  1.007e-05 	
        18.358	  9.190e-06 	
        18.378	  9.180e-06 	
        18.400	  9.240e-06 	
        18.418	  1.002e-05 	
        18.439	  9.520e-06 	
        18.458	  1.003e-05 	
        18.479	  9.370e-06 	
        18.500	  1.069e-05 	
        18.517	  9.490e-06 	
        18.538	  8.550e-06 	
        18.559	  9.000e-06 	
        18.579	  1.071e-05 	
        18.599	  9.990e-06 	
        18.618	  1.210e-05 	
        18.638	  1.210e-05 	
        18.658	  1.111e-05 	
        18.678	  9.700e-06 	
        18.700	  9.650e-06 	
        18.717	  1.180e-05 	
        18.738	  1.206e-05 	
        18.759	  1.097e-05 	
        18.778	  1.205e-05 	
        18.800	  1.245e-05 	
        18.817	  1.197e-05 	
        18.837	  1.198e-05 	
        18.859	  1.016e-05 	
        18.879	  9.330e-06 	
        18.898	  1.101e-05 	
        18.918	  1.052e-05 	
        18.938	  1.166e-05 	
        18.959	  1.083e-05 	
        18.979	  1.015e-05 	
        18.999	  1.032e-05 	
        19.018	  1.127e-05 	
        19.038	  1.203e-05 	
        19.057	  1.067e-05 	
        19.079	  1.030e-05 	
        19.100	  9.750e-06 	
        19.117	  1.079e-05 	
        19.138	  1.014e-05 	
        19.157	  1.181e-05 	
        19.177	  1.186e-05 	
        19.200	  1.127e-05 	
        19.218	  1.060e-05 	
        19.237	  1.037e-05 	
        19.258	  1.089e-05 	
        19.278	  1.075e-05 	
        19.300	  1.199e-05 	
        19.318	  9.850e-06 	
        19.338	  9.750e-06 	
        19.359	  1.159e-05 	
        19.377	  1.172e-05 	
        19.399	  1.190e-05 	
        19.417	  1.194e-05 	
        19.437	  1.178e-05 	
        19.459	  1.178e-05 	
        19.479	  1.020e-05 	
        19.499	  1.175e-05 	
        19.518	  1.054e-05 	
        19.537	  1.020e-05 	
        19.559	  1.207e-05 	
        19.577	  1.000e-05 	
        19.600	  8.760e-06 	
        19.618	  1.034e-05 	
        19.637	  8.760e-06 	
        19.658	  9.820e-06 	
        19.679	  9.460e-06 	
        19.699	  9.550e-06 	
        19.718	  1.165e-05 	
        19.738	  9.720e-06 	
        19.758	  9.790e-06 	
        19.778	  8.670e-06 	
        19.800	  9.350e-06 	
        19.817	  1.139e-05 	
        19.838	  1.148e-05 	
        19.857	  1.154e-05 	
        19.879	  9.430e-06 	
        19.899	  1.177e-05 	
        19.918	  1.199e-05 	
        19.938	  9.870e-06 	
        19.958	  1.156e-05 	
        19.978	  1.089e-05 	
        20.000	  1.056e-05 	
        20.018	  1.174e-05 	
        20.039	  1.173e-05 	
        20.058	  1.096e-05 	
        20.079	  8.870e-06 	
        20.100	  9.790e-06 	
        20.118	  9.810e-06 	
        20.139	  1.126e-05 	
        20.157	  1.115e-05 	
        20.178	  1.202e-05 	
        20.199	  1.133e-05 	
        20.217	  1.006e-05 	
        20.238	  9.190e-06 	
        20.257	  1.118e-05 	
        20.279	  1.138e-05 	
        20.299	  1.086e-05 	
        20.318	  1.141e-05 	
        20.339	  1.128e-05 	
        20.358	  9.260e-06 	
        20.379	  9.100e-06 	
        20.399	  1.092e-05 	
        20.418	  1.118e-05 	
        20.439	  1.233e-05 	
        20.458	  1.126e-05 	
        20.479	  9.880e-06 	
        20.499	  1.014e-05 	
        20.518	  1.186e-05 	
        20.539	  9.830e-06 	
        20.558	  1.094e-05 	
        20.579	  1.104e-05 	
        20.599	  1.097e-05 	
        20.618	  9.490e-06 	
        20.638	  9.370e-06 	
        20.657	  1.106e-05 	
        20.679	  1.027e-05 	
        20.699	  1.054e-05 	
        20.719	  1.053e-05 	
        20.738	  9.550e-06 	
        20.759	  1.048e-05 	
        20.779	  9.960e-06 	
        20.800	  9.890e-06 	
        20.817	  1.007e-05 	
        20.838	  1.069e-05 	
        20.858	  1.137e-05 	
        20.879	  9.930e-06 	
        20.899	  1.173e-05 	
        20.918	  1.193e-05 	
        20.939	  1.212e-05 	
        20.959	  1.147e-05 	
        20.979	  1.204e-05 	
        20.999	  1.081e-05 	
        21.018	  1.067e-05 	
        21.038	  1.115e-05 	
        21.058	  1.205e-05 	
        21.079	  1.180e-05 	
        21.100	  1.126e-05 	
        21.118	  8.750e-06 	
        21.137	  8.790e-06 	
        21.158	  1.090e-05 	
        21.179	  1.065e-05 	
        21.199	  1.064e-05 	
        21.218	  9.510e-06 	
        21.239	  9.750e-06 	
        21.259	  1.093e-05 	
        21.279	  1.066e-05 	
        21.300	  1.019e-05 	
        21.318	  1.075e-05 	
        21.338	  1.073e-05 	
        21.358	  1.013e-05 	
        21.379	  1.131e-05 	
        21.400	  1.203e-05 	
        21.418	  1.045e-05 	
        21.438	  9.840e-06 	
        21.459	  1.087e-05 	
        21.479	  1.131e-05 	
        21.500	  1.079e-05 	
        21.517	  1.015e-05 	
        21.539	  1.032e-05 	
        21.559	  9.840e-06 	
        21.579	  1.127e-05 	
        21.600	  1.114e-05 	
        21.618	  9.820e-06 	
        21.639	  1.037e-05 	
        21.658	  1.149e-05 	
        21.679	  1.122e-05 	
        21.699	  1.101e-05 	
        21.718	  9.780e-06 	
        21.739	  1.112e-05 	
        21.759	  1.022e-05 	
        21.777	  9.900e-06 	
        21.800	  1.136e-05 	
        21.818	  1.193e-05 	
        21.839	  9.250e-06 	
        21.857	  1.069e-05 	
        21.878	  9.900e-06 	
        21.900	  1.156e-05 	
        21.918	  1.188e-05 	
        21.937	  1.110e-05 	
        21.958	  1.031e-05 	
        21.979	  1.156e-05 	
        21.999	  1.171e-05 	
        22.017	  1.142e-05 	
        22.039	  1.016e-05 	
        22.059	  1.052e-05 	
        22.078	  9.160e-06 	
        22.099	  1.111e-05 	
        22.117	  1.135e-05 	
        22.138	  1.159e-05 	
        22.157	  1.176e-05 	
        22.178	  1.109e-05 	
        22.199	  1.035e-05 	
        22.218	  1.087e-05 	
        22.238	  1.217e-05 	
        22.259	  9.610e-06 	
        22.278	  8.540e-06 	
        22.300	  9.640e-06 	
        22.318	  1.031e-05 	
        22.338	  1.104e-05 	
        22.358	  1.268e-05 	
        22.379	  1.215e-05 	
        22.399	  1.106e-05 	
        22.418	  1.212e-05 	
        22.439	  1.216e-05 	
        22.459	  9.630e-06 	
        22.477	  1.078e-05 	
        22.498	  1.192e-05 	
        22.518	  1.171e-05 	
        22.538	  1.156e-05 	
        22.557	  1.105e-05 	
        22.577	  9.960e-06 	
        22.598	  1.105e-05 	
        22.617	  1.170e-05 	
        22.638	  1.116e-05 	
        22.657	  9.620e-06 	
        22.678	  1.122e-05 	
        22.698	  1.178e-05 	
        22.718	  1.027e-05 	
        22.739	  1.168e-05 	
        22.757	  1.131e-05 	
        22.778	  1.116e-05 	
        22.800	  1.084e-05 	
        22.818	  9.470e-06 	
        22.839	  1.094e-05 	
        22.859	  1.114e-05 	
        22.878	  1.207e-05 	
        22.899	  1.169e-05 	
        22.918	  1.013e-05 	
        22.938	  1.071e-05 	
        22.958	  1.118e-05 	
        22.979	  9.360e-06 	
        23.000	  1.145e-05 	
        23.018	  9.690e-06 	
        23.039	  1.061e-05 	
        23.058	  1.176e-05 	
        23.079	  1.101e-05 	
        23.100	  1.167e-05 	
        23.118	  1.192e-05 	
        23.137	  1.039e-05 	
        23.158	  1.103e-05 	
        23.179	  1.173e-05 	
        23.198	  1.183e-05 	
        23.217	  1.176e-05 	
        23.239	  9.640e-06 	
        23.258	  9.590e-06 	
        23.278	  1.011e-05 	
        23.298	  1.092e-05 	
        23.318	  1.122e-05 	
        23.338	  1.158e-05 	
        23.358	  1.261e-05 	
        23.379	  1.187e-05 	
        23.398	  1.090e-05 	
        23.418	  1.129e-05 	
        23.439	  1.034e-05 	
        23.457	  1.122e-05 	
        23.479	  1.098e-05 	
        23.498	  1.167e-05 	
        23.518	  1.122e-05 	
        23.539	  1.204e-05 	
        23.557	  1.178e-05 	
        23.578	  1.048e-05 	
        23.599	  1.118e-05 	
        23.618	  1.196e-05 	
        23.639	  1.101e-05 	
        23.658	  1.122e-05 	
        23.679	  1.171e-05 	
        23.698	  1.223e-05 	
        23.718	  1.205e-05 	
        23.739	  1.172e-05 	
        23.757	  1.131e-05 	
        23.778	  1.041e-05 	
        23.799	  1.112e-05 	
        23.818	  9.610e-06 	
        23.838	  1.134e-05 	
        23.858	  1.132e-05 	
        23.879	  1.225e-05 	
        23.898	  1.210e-05 	
        23.917	  1.146e-05 	
        23.939	  1.108e-05 	
        23.959	  1.207e-05 	
        23.978	  1.173e-05 	
        24.000	  1.119e-05 	
        24.018	  1.166e-05 	
        24.039	  9.720e-06 	
        24.059	  8.760e-06 	
        24.079	  1.056e-05 	
        24.099	  1.151e-05 	
        24.118	  9.790e-06 	
        24.139	  1.115e-05 	
        24.159	  1.159e-05 	
        24.179	  1.157e-05 	
        24.199	  9.170e-06 	
        24.218	  1.041e-05 	
        24.239	  1.132e-05 	
        24.259	  1.101e-05 	
        24.279	  1.180e-05 	
        24.299	  1.118e-05 	
        24.317	  1.088e-05 	
        24.339	  1.101e-05 	
        24.359	  1.114e-05 	
        24.378	  1.020e-05 	
        24.400	  8.820e-06 	
        24.418	  1.081e-05 	
        24.438	  1.131e-05 	
        24.459	  1.024e-05 	
        24.479	  1.015e-05 	
        24.500	  1.097e-05 	
        24.517	  1.172e-05 	
        24.538	  1.263e-05 	
        24.559	  1.131e-05 	
        24.579	  1.126e-05 	
        24.598	  9.680e-06 	
        24.617	  1.000e-05 	
        24.638	  1.120e-05 	
        24.657	  1.218e-05 	
        24.679	  1.146e-05 	
        24.698	  1.112e-05 	
        24.717	  1.026e-05 	
        24.739	  1.169e-05 	
        24.757	  9.920e-06 	
        24.778	  1.056e-05 	
        24.798	  8.640e-06 	
        24.818	  8.820e-06 	
        24.838	  9.160e-06 	
        24.857	  1.034e-05 	
        24.877	  9.790e-06 	
        24.898	  1.131e-05 	
        24.918	  1.162e-05 	
        24.938	  1.150e-05 	
        24.958	  1.233e-05 	
        24.977	  1.097e-05 	
        24.998	  1.147e-05 	
        25.019	  1.124e-05 	
        25.038	  1.160e-05 	
        25.059	  1.037e-05 	
        25.078	  1.152e-05 	
        25.098	  1.186e-05 	
        25.118	  1.024e-05 	
        25.138	  1.029e-05 	
        25.159	  1.175e-05 	
        25.177	  1.245e-05 	
        25.197	  1.114e-05 	
        25.217	  1.232e-05 	
        25.239	  1.199e-05 	
        25.258	  1.092e-05 	
        25.278	  1.100e-05 	
        25.298	  1.250e-05 	
        25.319	  1.115e-05 	
        25.338	  1.161e-05 	
        25.359	  1.143e-05 	
        25.378	  1.086e-05 	
        25.398	  9.500e-06 	
        25.418	  1.099e-05 	
        25.438	  1.096e-05 	
        25.458	  1.186e-05 	
        25.479	  1.181e-05 	
        25.498	  1.149e-05 	
        25.518	  1.151e-05 	
        25.538	  1.164e-05 	
        25.558	  1.156e-05 	
        25.579	  1.072e-05 	
        25.598	  1.312e-05 	
        25.618	  1.141e-05 	
        25.638	  1.139e-05 	
        25.659	  1.129e-05 	
        25.678	  1.154e-05 	
        25.698	  1.107e-05 	
        25.718	  1.127e-05 	
        25.738	  1.114e-05 	
        25.758	  1.197e-05 	
        25.779	  1.169e-05 	
        25.797	  1.115e-05 	
        25.818	  1.167e-05 	
        25.839	  1.126e-05 	
        25.858	  1.154e-05 	
        25.878	  1.071e-05 	
        25.898	  1.086e-05 	
        25.918	  1.109e-05 	
        25.938	  1.192e-05 	
        25.959	  1.178e-05 	
        25.978	  1.090e-05 	
        25.997	  1.099e-05 	
        26.018	  1.089e-05 	
        26.038	  1.114e-05 	
        26.059	  1.094e-05 	
        26.078	  1.065e-05 	
        26.097	  1.077e-05 	
        26.118	  1.210e-05 	
        26.138	  1.186e-05 	
        26.159	  1.154e-05 	
        26.179	  1.140e-05 	
        26.198	  9.160e-06 	
        26.219	  1.114e-05 	
        26.238	  1.012e-05 	
        26.258	  1.022e-05 	
        26.279	  1.125e-05 	
        26.298	  1.090e-05 	
        26.318	  9.850e-06 	
        26.339	  1.079e-05 	
        26.358	  9.740e-06 	
        26.379	  1.026e-05 	
        26.398	  1.119e-05 	
        26.419	  1.125e-05 	
        26.439	  1.075e-05 	
        26.458	  1.011e-05 	
        26.479	  1.103e-05 	
        26.497	  1.171e-05 	
        26.518	  1.085e-05 	
        26.538	  1.146e-05 	
        26.558	  1.069e-05 	
        26.579	  1.142e-05 	
        26.598	  1.163e-05 	
        26.618	  1.165e-05 	
        26.638	  1.084e-05 	
        26.659	  1.116e-05 	
        26.678	  9.620e-06 	
        26.698	  1.027e-05 	
        26.718	  1.103e-05 	
        26.738	  9.830e-06 	
        26.757	  1.012e-05 	
        26.779	  1.008e-05 	
        26.798	  1.054e-05 	
        26.818	  1.115e-05 	
        26.838	  1.111e-05 	
        26.859	  1.024e-05 	
        26.879	  1.095e-05 	
        26.898	  9.660e-06 	
        26.918	  9.730e-06 	
        26.937	  9.130e-06 	
        26.958	  1.069e-05 	
        26.979	  1.178e-05 	
        26.998	  1.149e-05 	
        27.018	  9.700e-06 	
        27.038	  1.124e-05 	
        27.058	  1.212e-05 	
        27.079	  1.160e-05 	
        27.098	  1.164e-05 	
        27.119	  1.091e-05 	
        27.138	  1.145e-05 	
        27.158	  1.162e-05 	
        27.179	  1.137e-05 	
        27.198	  1.189e-05 	
        27.218	  1.127e-05 	
        27.238	  1.172e-05 	
        27.259	  9.850e-06 	
        27.278	  1.124e-05 	
        27.298	  9.870e-06 	
        27.318	  1.080e-05 	
        27.338	  1.042e-05 	
        27.359	  1.108e-05 	
        27.379	  1.131e-05 	
        27.398	  1.122e-05 	
        27.418	  1.186e-05 	
        27.438	  1.116e-05 	
        27.459	  1.105e-05 	
        27.479	  1.102e-05 	
        27.498	  1.088e-05 	
        27.518	  1.102e-05 	
        27.538	  1.124e-05 	
        27.558	  1.122e-05 	
        27.578	  1.167e-05 	
        27.598	  1.165e-05 	
        27.617	  1.192e-05 	
        27.638	  1.308e-05 	
        27.659	  1.171e-05 	
        27.678	  1.250e-05 	
        27.698	  1.202e-05 	
        27.718	  1.146e-05 	
        27.738	  1.081e-05 	
        27.759	  1.206e-05 	
        27.779	  1.118e-05 	
        27.798	  1.141e-05 	
        27.818	  1.238e-05 	
        27.838	  1.139e-05 	
        27.859	  1.079e-05 	
        27.878	  1.237e-05 	
        27.898	  1.150e-05 	
        27.918	  1.203e-05 	
        27.938	  9.590e-06 	
        27.957	  9.960e-06 	
        27.978	  1.030e-05 	
        27.998	  1.152e-05 	
        28.018	  1.135e-05 	
        28.038	  1.103e-05 	
        28.059	  1.196e-05 	
        28.078	  1.155e-05 	
        28.098	  9.350e-06 	
        28.118	  8.700e-06 	
        28.138	  9.110e-06 	
        28.158	  8.420e-06 	
        28.178	  9.440e-06 	
        28.198	  9.020e-06 	
        28.218	  8.830e-06 	
        28.237	  1.042e-05 	
        28.258	  9.890e-06 	
        28.279	  1.112e-05 	
        28.298	  1.051e-05 	
        28.318	  1.086e-05 	
        28.339	  1.075e-05 	
        28.357	  1.089e-05 	
        28.379	  1.091e-05 	
        28.398	  1.081e-05 	
        28.418	  1.056e-05 	
        28.439	  9.640e-06 	
        28.459	  1.069e-05 	
        28.479	  1.186e-05 	
        28.498	  1.065e-05 	
        28.518	  1.121e-05 	
        28.539	  1.178e-05 	
        28.559	  1.074e-05 	
        28.579	  1.077e-05 	
        28.598	  9.620e-06 	
        28.618	  1.047e-05 	
        28.639	  1.091e-05 	
        28.658	  1.106e-05 	
        28.678	  1.073e-05 	
        28.698	  1.039e-05 	
        28.718	  1.155e-05 	
        28.739	  1.109e-05 	
        28.759	  1.206e-05 	
        28.779	  9.490e-06 	
        28.798	  1.027e-05 	
        28.818	  1.013e-05 	
        28.839	  1.074e-05 	
        28.858	  1.221e-05 	
        28.878	  1.156e-05 	
        28.898	  1.195e-05 	
        28.917	  1.136e-05 	
        28.939	  1.084e-05 	
        28.959	  1.096e-05 	
        28.979	  1.101e-05 	
        28.998	  1.124e-05 	
        29.018	  1.197e-05 	
        29.039	  1.115e-05 	
        29.059	  9.300e-06 	
        29.078	  1.039e-05 	
        29.098	  1.141e-05 	
        29.117	  1.101e-05 	
        29.139	  9.490e-06 	
        29.158	  1.052e-05 	
        29.179	  1.019e-05 	
        29.198	  1.134e-05 	
        29.218	  1.052e-05 	
        29.238	  1.261e-05 	
        29.259	  1.108e-05 	
        29.278	  1.057e-05 	
        29.298	  1.071e-05 	
        29.318	  1.105e-05 	
        29.339	  1.150e-05 	
        29.359	  1.125e-05 	
        29.379	  1.080e-05 	
        29.398	  1.118e-05 	
        29.417	  1.069e-05 	
        29.439	  1.103e-05 	
        29.457	  1.059e-05 	
        29.479	  1.162e-05 	
        29.498	  9.510e-06 	
        29.518	  8.920e-06 	
        29.539	  1.120e-05 	
        29.559	  8.980e-06 	
        29.578	  1.041e-05 	
        29.598	  1.068e-05 	
        29.618	  1.040e-05 	
        29.638	  9.760e-06 	
        29.659	  1.094e-05 	
        29.679	  1.108e-05 	
        29.698	  1.110e-05 	
        29.718	  1.084e-05 	
        29.739	  1.081e-05 	
        29.759	  1.068e-05 	
        29.778	  1.129e-05 	
        29.798	  1.010e-05 	
        29.817	  9.410e-06 	
        29.839	  1.189e-05 	
        29.859	  1.007e-05 	
        29.879	  1.086e-05 	
        29.898	  1.230e-05 	
        29.917	  1.173e-05 	
        29.937	  1.201e-05 	
        29.958	  1.283e-05 	
        29.979	  1.189e-05 	
        29.998	  1.249e-05 	
        30.017	  1.011e-05 	
        30.038	  9.390e-06 	
        30.058	  1.105e-05 	
        30.079	  1.050e-05 	
        30.098	  1.035e-05 	
        30.118	  1.140e-05 	
        30.139	  1.127e-05 	
        30.158	  1.035e-05 	
        30.179	  1.141e-05 	
        30.198	  1.199e-05 	
        30.217	  1.064e-05 	
        30.239	  1.159e-05 	
        30.258	  1.125e-05 	
        30.278	  1.095e-05 	
        30.298	  1.189e-05 	
        30.318	  1.087e-05 	
        30.338	  9.470e-06 	
        30.358	  1.098e-05 	
        30.378	  1.102e-05 	
        30.398	  1.103e-05 	
        30.418	  1.102e-05 	
        30.438	  1.144e-05 	
        30.459	  1.291e-05 	
        30.479	  1.141e-05 	
        30.498	  1.321e-05 	
        30.518	  1.216e-05 	
        30.539	  1.064e-05 	
        30.557	  1.141e-05 	
        30.579	  1.258e-05 	
        30.598	  1.173e-05 	
        30.617	  1.103e-05 	
        30.639	  9.840e-06 	
        30.657	  1.143e-05 	
        30.679	  9.770e-06 	
        30.698	  1.078e-05 	
        30.718	  1.151e-05 	
        30.739	  1.175e-05 	
        30.758	  1.262e-05 	
        30.779	  9.640e-06 	
        30.798	  1.113e-05 	
        30.819	  1.112e-05 	
        30.839	  8.980e-06 	
        30.857	  1.060e-05 	
        30.879	  1.111e-05 	
        30.898	  9.420e-06 	
        30.918	  1.020e-05 	
        30.939	  1.137e-05 	
        30.958	  9.930e-06 	
        30.978	  1.107e-05 	
        30.998	  1.221e-05 	
        31.017	  1.270e-05 	
        31.038	  1.067e-05 	
        31.057	  1.078e-05 	
        31.077	  1.079e-05 	
        31.098	  1.105e-05 	
        31.118	  1.216e-05 	
        31.138	  1.164e-05 	
        31.157	  1.114e-05 	
        31.178	  1.090e-05 	
        31.197	  1.116e-05 	
        31.218	  1.112e-05 	
        31.239	  1.109e-05 	
        31.258	  1.090e-05 	
        31.279	  1.139e-05 	
        31.298	  1.147e-05 	
        31.317	  1.201e-05 	
        31.337	  1.184e-05 	
        31.357	  1.131e-05 	
        31.379	  1.169e-05 	
        31.398	  1.084e-05 	
        31.418	  1.085e-05 	
        31.437	  1.135e-05 	
        31.457	  1.143e-05 	
        31.479	  1.103e-05 	
        31.498	  1.199e-05 	
        31.518	  1.148e-05 	
        31.538	  1.171e-05 	
        31.559	  1.158e-05 	
        31.579	  1.134e-05 	
        31.598	  1.144e-05 	
        31.618	  1.120e-05 	
        31.639	  1.184e-05 	
        31.659	  1.074e-05 	
        31.679	  1.119e-05 	
        31.698	  1.190e-05 	
        31.718	  1.169e-05 	
        31.739	  1.216e-05 	
        31.758	  1.187e-05 	
        31.779	  1.150e-05 	
        31.798	  1.116e-05 	
        31.818	  1.187e-05 	
        31.839	  1.147e-05 	
        31.859	  1.175e-05 	
        31.879	  1.076e-05 	
        31.898	  1.172e-05 	
        31.918	  1.124e-05 	
        31.938	  1.177e-05 	
        31.959	  1.060e-05 	
        31.978	  1.104e-05 	
        31.998	  9.850e-06 	
        32.018	  1.112e-05 	
        32.038	  1.011e-05 	
        32.059	  1.101e-05 	
        32.078	  1.086e-05 	
        32.098	  1.062e-05 	
        32.118	  1.105e-05 	
        32.138	  1.061e-05 	
        32.157	  1.085e-05 	
        32.179	  1.053e-05 	
        32.198	  1.044e-05 	
        32.218	  8.570e-06 	
        32.238	  9.600e-06 	
        32.259	  8.890e-06 	
        32.279	  8.570e-06 	
        32.298	  8.270e-06 	
        32.317	  9.630e-06 	
        32.339	  8.720e-06 	
        32.359	  8.480e-06 	
        32.379	  9.150e-06 	
        32.398	  9.330e-06 	
        32.417	  1.111e-05 	
        32.439	  9.540e-06 	
        32.459	  9.530e-06 	
        32.479	  8.780e-06 	
        32.498	  1.044e-05 	
        32.518	  9.540e-06 	
        32.538	  1.069e-05 	
        32.559	  9.220e-06 	
        32.579	  8.630e-06 	
        32.598	  1.031e-05 	
        32.618	  1.065e-05 	
        32.639	  1.049e-05 	
        32.659	  1.107e-05 	
        32.678	  1.150e-05 	
        32.698	  1.128e-05 	
        32.717	  1.100e-05 	
        32.738	  1.180e-05 	
        32.759	  1.238e-05 	
        32.778	  1.087e-05 	
        32.798	  1.164e-05 	
        32.818	  1.169e-05 	
        32.839	  1.112e-05 	
        32.859	  1.051e-05 	
        32.879	  1.081e-05 	
        32.898	  1.120e-05 	
        32.918	  1.158e-05 	
        32.939	  1.135e-05 	
        32.957	  1.105e-05 	
        32.977	  1.130e-05 	
        32.998	  1.117e-05 	
        33.019	  1.125e-05 	
        33.038	  1.139e-05 	
        33.057	  1.116e-05 	
        33.078	  1.013e-05 	
        33.098	  1.011e-05 	
        33.118	  1.049e-05 	
        33.137	  1.082e-05 	
        33.158	  1.080e-05 	
        33.177	  1.036e-05 	
        33.198	  1.088e-05 	
        33.218	  1.095e-05 	
        33.239	  1.117e-05 	
        33.257	  9.630e-06 	
        33.279	  1.041e-05 	
        33.298	  1.137e-05 	
        33.318	  1.083e-05 	
        33.339	  9.000e-06 	
        33.358	  1.057e-05 	
        33.378	  1.090e-05 	
        33.397	  1.073e-05 	
        33.418	  1.157e-05 	
        33.439	  1.130e-05 	
        33.457	  1.190e-05 	
        33.477	  1.183e-05 	
        33.498	  1.079e-05 	
        33.518	  9.660e-06 	
        33.539	  1.115e-05 	
        33.558	  1.123e-05 	
        33.578	  1.218e-05 	
        33.598	  1.230e-05 	
        33.617	  1.163e-05 	
        33.639	  1.194e-05 	
        33.657	  1.155e-05 	
        33.679	  1.186e-05 	
        33.698	  1.285e-05 	
        33.717	  1.246e-05 	
        33.737	  1.325e-05 	
        33.758	  1.203e-05 	
        33.779	  1.143e-05 	
        33.798	  1.173e-05 	
        33.817	  1.184e-05 	
        33.838	  1.187e-05 	
        33.858	  1.216e-05 	
        33.879	  1.187e-05 	
        33.898	  1.283e-05 	
        33.918	  1.300e-05 	
        33.938	  1.227e-05 	
        33.958	  1.169e-05 	
        33.978	  1.235e-05 	
        33.998	  1.216e-05 	
        34.018	  1.238e-05 	
        34.039	  1.174e-05 	
        34.057	  1.237e-05 	
        34.079	  1.257e-05 	
        34.098	  1.184e-05 	
        34.118	  1.144e-05 	
        34.139	  1.019e-05 	
        34.157	  1.197e-05 	
        34.179	  9.280e-06 	
        34.198	  9.780e-06 	
        34.218	  9.410e-06 	
        34.239	  8.930e-06 	
        34.259	  1.101e-05 	
        34.278	  9.430e-06 	
        34.298	  9.470e-06 	
        34.318	  9.080e-06 	
        34.339	  8.590e-06 	
        34.359	  8.400e-06 	
        34.379	  8.360e-06 	
        34.398	  9.200e-06 	
        34.418	  8.840e-06 	
        34.438	  1.054e-05 	
        34.458	  8.720e-06 	
        34.478	  9.540e-06 	
        34.498	  8.760e-06 	
        34.518	  9.600e-06 	
        34.539	  8.950e-06 	
        34.559	  1.027e-05 	
        34.578	  1.216e-05 	
        34.598	  9.870e-06 	
        34.618	  8.850e-06 	
        34.639	  1.133e-05 	
        34.659	  1.171e-05 	
        34.678	  1.088e-05 	
        34.697	  1.035e-05 	
        34.717	  9.400e-06 	
        34.739	  1.190e-05 	
        34.758	  1.189e-05 	
        34.778	  1.163e-05 	
        34.798	  1.172e-05 	
        34.818	  1.107e-05 	
        34.839	  9.900e-06 	
        34.859	  1.137e-05 	
        34.878	  1.088e-05 	
        34.898	  1.161e-05 	
        34.918	  1.134e-05 	
        34.938	  1.281e-05 	
        34.958	  1.060e-05 	
        34.977	  1.081e-05 	
        34.998	  1.176e-05 	
        35.019	  1.191e-05 	
        35.038	  9.850e-06 	
        35.058	  1.164e-05 	
        35.078	  1.116e-05 	
        35.098	  9.490e-06 	
        35.118	  1.127e-05 	
        35.138	  9.740e-06 	
        35.158	  9.960e-06 	
        35.178	  9.050e-06 	
        35.197	  9.360e-06 	
        35.217	  1.023e-05 	
        35.239	  1.098e-05 	
        35.259	  1.078e-05 	
        35.279	  9.260e-06 	
        35.298	  1.174e-05 	
        35.318	  1.192e-05 	
        35.338	  1.288e-05 	
        35.358	  1.197e-05 	
        35.379	  1.119e-05 	
        35.398	  1.244e-05 	
        35.416	  1.210e-05 	
        35.438	  1.194e-05 	
        35.456	  1.244e-05 	
        35.479	  1.285e-05 	
        35.498	  1.019e-05 	
        35.518	  1.047e-05 	
        35.537	  1.244e-05 	
        35.557	  1.103e-05 	
        35.579	  1.261e-05 	
        35.598	  1.255e-05 	
        35.618	  1.360e-05 	
        35.638	  1.117e-05 	
        35.658	  1.265e-05 	
        35.678	  1.081e-05 	
        35.698	  1.190e-05 	
        35.718	  1.262e-05 	
        35.739	  1.008e-05 	
        35.758	  1.052e-05 	
        35.779	  1.130e-05 	
        35.797	  1.185e-05 	
        35.818	  1.220e-05 	
        35.839	  1.258e-05 	
        35.858	  1.304e-05 	
        35.878	  1.185e-05 	
        35.898	  1.096e-05 	
        35.918	  1.165e-05 	
        35.938	  1.135e-05 	
        35.958	  1.077e-05 	
        35.979	  1.111e-05 	
        35.998	  1.099e-05 	
        36.018	  1.222e-05 	
        36.037	  1.288e-05 	
        36.059	  1.233e-05 	
        36.078	  1.178e-05 	
        36.098	  1.227e-05 	
        36.117	  1.197e-05 	
        36.139	  1.277e-05 	
        36.156	  1.124e-05 	
        36.179	  9.380e-06 	
        36.198	  1.180e-05 	
        36.218	  1.082e-05 	
        36.238	  1.124e-05 	
        36.257	  1.246e-05 	
        36.279	  1.176e-05 	
        36.298	  9.880e-06 	
        36.318	  8.970e-06 	
        36.338	  9.960e-06 	
        36.357	  1.156e-05 	
        36.379	  1.060e-05 	
        36.398	  1.139e-05 	
        36.417	  1.231e-05 	
        36.438	  1.284e-05 	
        36.458	  1.149e-05 	
        36.479	  1.105e-05 	
        36.497	  1.063e-05 	
        36.517	  1.031e-05 	
        36.539	  1.173e-05 	
        36.558	  1.045e-05 	
        36.579	  1.135e-05 	
        36.598	  1.300e-05 	
        36.617	  1.328e-05 	
        36.639	  1.236e-05 	
        36.656	  1.165e-05 	
        36.679	  1.349e-05 	
        36.698	  1.235e-05 	
        36.718	  1.359e-05 	
        36.739	  1.282e-05 	
        36.757	  1.259e-05 	
        36.779	  1.129e-05 	
        36.798	  1.108e-05 	
        36.818	  1.175e-05 	
        36.839	  1.174e-05 	
        36.857	  1.139e-05 	
        36.878	  1.150e-05 	
        36.897	  9.710e-06 	
        36.917	  1.024e-05 	
        36.937	  1.187e-05 	
        36.958	  1.223e-05 	
        36.979	  1.220e-05 	
        36.998	  1.052e-05 	
        37.019	  1.084e-05 	
        37.037	  1.225e-05 	
        37.058	  1.127e-05 	
        37.079	  1.096e-05 	
        37.098	  1.111e-05 	
        37.119	  1.262e-05 	
        37.138	  1.197e-05 	
        37.158	  1.214e-05 	
        37.179	  1.278e-05 	
        37.198	  1.262e-05 	
        37.218	  1.236e-05 	
        37.238	  1.259e-05 	
        37.259	  1.267e-05 	
        37.279	  1.210e-05 	
        37.298	  1.252e-05 	
        37.317	  1.235e-05 	
        37.339	  1.141e-05 	
        37.359	  1.107e-05 	
        37.378	  1.099e-05 	
        37.398	  1.129e-05 	
        37.418	  1.143e-05 	
        37.437	  1.209e-05 	
        37.459	  1.161e-05 	
        37.479	  1.121e-05 	
        37.498	  1.043e-05 	
        37.518	  1.317e-05 	
        37.537	  1.327e-05 	
        37.558	  1.265e-05 	
        37.578	  1.009e-05 	
        37.598	  1.066e-05 	
        37.618	  9.550e-06 	
        37.638	  1.088e-05 	
        37.659	  1.163e-05 	
        37.679	  1.222e-05 	
        37.698	  1.290e-05 	
        37.716	  1.166e-05 	
        37.738	  1.151e-05 	
        37.759	  9.420e-06 	
        37.778	  1.109e-05 	
        37.798	  1.124e-05 	
        37.818	  1.101e-05 	
        37.837	  9.830e-06 	
        37.858	  1.053e-05 	
        37.878	  9.470e-06 	
        37.898	  1.013e-05 	
        37.916	  8.870e-06 	
        37.938	  9.570e-06 	
        37.957	  9.450e-06 	
        37.977	  8.550e-06 	
        37.998	  1.120e-05 	
        38.018	  9.420e-06 	
        38.038	  9.080e-06 	
        38.058	  9.270e-06 	
        38.079	  8.860e-06 	
        38.098	  9.580e-06 	
        38.116	  9.180e-06 	
        38.138	  9.350e-06 	
        38.159	  9.160e-06 	
        38.178	  9.040e-06 	
        38.198	  8.850e-06 	
        38.218	  1.124e-05 	
        38.238	  9.770e-06 	
        38.259	  1.081e-05 	
        38.278	  9.200e-06 	
        38.298	  8.910e-06 	
        38.318	  9.110e-06 	
        38.337	  1.022e-05 	
        38.358	  9.940e-06 	
        38.378	  9.830e-06 	
        38.398	  9.130e-06 	
        38.418	  9.190e-06 	
        38.438	  9.410e-06 	
        38.458	  1.224e-05 	
        38.479	  1.020e-05 	
        38.498	  9.790e-06 	
        38.518	  9.340e-06 	
        38.538	  1.204e-05 	
        38.557	  1.228e-05 	
        38.578	  1.267e-05 	
        38.598	  1.099e-05 	
        38.618	  9.570e-06 	
        38.638	  1.169e-05 	
        38.658	  1.050e-05 	
        38.679	  1.028e-05 	
        38.697	  9.580e-06 	
        38.718	  8.930e-06 	
        38.738	  1.083e-05 	
        38.757	  9.300e-06 	
        38.779	  9.660e-06 	
        38.797	  9.940e-06 	
        38.818	  9.590e-06 	
        38.838	  9.840e-06 	
        38.858	  1.004e-05 	
        38.878	  1.026e-05 	
        38.898	  1.180e-05 	
        38.918	  9.920e-06 	
        38.939	  1.182e-05 	
        38.959	  1.246e-05 	
        38.978	  1.288e-05 	
        38.998	  1.211e-05 	
        39.018	  1.287e-05 	
        39.039	  1.161e-05 	
        39.059	  1.131e-05 	
        39.078	  1.121e-05 	
        39.098	  9.810e-06 	
        39.117	  9.610e-06 	
        39.137	  1.220e-05 	
        39.159	  1.054e-05 	
        39.179	  1.154e-05 	
        39.197	  1.252e-05 	
        39.218	  1.162e-05 	
        39.238	  1.039e-05 	
        39.259	  1.242e-05 	
        39.279	  1.082e-05 	
        39.298	  1.136e-05 	
        39.317	  1.110e-05 	
        39.338	  1.182e-05 	
        39.358	  1.171e-05 	
        39.378	  1.386e-05 	
        39.398	  1.092e-05 	
        39.418	  1.107e-05 	
        39.439	  1.192e-05 	
        39.458	  1.101e-05 	
        39.478	  1.225e-05 	
        39.498	  1.238e-05 	
        39.518	  1.077e-05 	
        39.539	  1.071e-05 	
        39.559	  1.180e-05 	
        39.578	  1.143e-05 	
        39.598	  1.291e-05 	
        39.617	  1.268e-05 	
        39.638	  1.161e-05 	
        39.659	  1.239e-05 	
        39.678	  1.364e-05 	
        39.698	  1.106e-05 	
        39.718	  1.038e-05 	
        39.738	  1.116e-05 	
        39.758	  1.019e-05 	
        39.778	  1.206e-05 	
        39.798	  1.056e-05 	
        39.817	  1.038e-05 	
        39.839	  1.259e-05 	
        39.859	  1.221e-05 	
        39.878	  1.321e-05 	
        39.898	  1.323e-05 	
        39.919	  1.338e-05 	
        39.939	  1.087e-05 	
        39.959	  1.142e-05 	
        39.977	  1.084e-05 	
        39.998	  1.220e-05 	
        40.017	  1.252e-05 	
        40.038	  1.215e-05 	
        40.059	  1.131e-05 	
        40.078	  1.338e-05 	
        40.098	  1.336e-05 	
        40.118	  1.279e-05 	
        40.139	  1.039e-05 	
        40.158	  9.820e-06 	
        40.178	  1.126e-05 	
        40.198	  1.212e-05 	
        40.218	  1.074e-05 	
        40.237	  1.010e-05 	
        40.257	  9.580e-06 	
        40.277	  1.075e-05 	
        40.298	  1.315e-05 	
        40.318	  1.314e-05 	
        40.338	  1.055e-05 	
        40.358	  1.045e-05 	
        40.378	  1.020e-05 	
        40.398	  9.970e-06 	
        40.418	  1.195e-05 	
        40.438	  1.219e-05 	
        40.458	  1.044e-05 	
        40.478	  1.105e-05 	
        40.498	  9.510e-06 	
        40.518	  1.127e-05 	
        40.538	  9.760e-06 	
        40.559	  1.254e-05 	
        40.578	  1.028e-05 	
        40.598	  1.287e-05 	
        40.618	  1.109e-05 	
        40.638	  1.193e-05 	
        40.658	  1.131e-05 	
        40.678	  1.131e-05 	
        40.698	  1.270e-05 	
        40.718	  1.144e-05 	
        40.738	  1.249e-05 	
        40.759	  1.195e-05 	
        40.778	  1.349e-05 	
        40.798	  1.294e-05 	
        40.819	  1.394e-05 	
        40.838	  1.272e-05 	
        40.859	  1.363e-05 	
        40.878	  1.124e-05 	
        40.898	  1.094e-05 	
        40.918	  1.246e-05 	
        40.939	  1.121e-05 	
        40.958	  1.288e-05 	
        40.979	  1.088e-05 	
        40.998	  1.254e-05 	
        41.017	  1.336e-05 	
        41.037	  1.348e-05 	
        41.058	  1.127e-05 	
        41.079	  1.151e-05 	
        41.098	  1.242e-05 	
        41.118	  1.044e-05 	
        41.138	  1.242e-05 	
        41.158	  1.214e-05 	
        41.179	  1.044e-05 	
        41.198	  1.298e-05 	
        41.218	  1.302e-05 	
        41.238	  1.157e-05 	
        41.258	  1.127e-05 	
        41.279	  1.169e-05 	
        41.298	  9.930e-06 	
        41.317	  9.330e-06 	
        41.338	  1.087e-05 	
        41.357	  1.046e-05 	
        41.379	  1.240e-05 	
        41.398	  1.162e-05 	
        41.418	  1.074e-05 	
        41.439	  1.276e-05 	
        41.458	  1.281e-05 	
        41.479	  1.075e-05 	
        41.498	  1.089e-05 	
        41.518	  1.172e-05 	
        41.539	  1.017e-05 	
        41.558	  9.920e-06 	
        41.578	  1.141e-05 	
        41.598	  9.840e-06 	
        41.618	  1.022e-05 	
        41.639	  1.087e-05 	
        41.657	  9.880e-06 	
        41.678	  1.148e-05 	
        41.698	  9.950e-06 	
        41.718	  9.980e-06 	
        41.739	  1.079e-05 	
        41.759	  1.169e-05 	
        41.779	  1.003e-05 	
        41.798	  1.049e-05 	
        41.818	  1.089e-05 	
        41.838	  1.047e-05 	
        41.859	  1.298e-05 	
        41.879	  1.242e-05 	
        41.898	  1.318e-05 	
        41.918	  1.313e-05 	
        41.939	  1.198e-05 	
        41.958	  1.060e-05 	
        41.978	  9.750e-06 	
        41.998	  1.114e-05 	
        42.018	  1.141e-05 	
        42.039	  1.324e-05 	
        42.058	  1.276e-05 	
        42.079	  1.273e-05 	
        42.098	  1.364e-05 	
        42.118	  1.381e-05 	
        42.139	  1.307e-05 	
        42.158	  1.252e-05 	
        42.179	  1.253e-05 	
        42.198	  1.286e-05 	
        42.218	  1.146e-05 	
        42.238	  1.092e-05 	
        42.257	  1.277e-05 	
        42.279	  1.275e-05 	
        42.298	  1.353e-05 	
        42.318	  1.344e-05 	
        42.338	  1.211e-05 	
        42.359	  1.361e-05 	
        42.378	  1.315e-05 	
        42.398	  1.300e-05 	
        42.417	  1.356e-05 	
        42.437	  1.417e-05 	
        42.457	  1.325e-05 	
        42.478	  1.169e-05 	
        42.498	  1.218e-05 	
        42.518	  1.315e-05 	
        42.539	  1.195e-05 	
        42.558	  1.150e-05 	
        42.579	  1.293e-05 	
        42.598	  1.152e-05 	
        42.618	  1.246e-05 	
        42.639	  1.214e-05 	
        42.658	  1.302e-05 	
        42.678	  1.249e-05 	
        42.698	  1.080e-05 	
        42.718	  1.278e-05 	
        42.739	  1.444e-05 	
        42.758	  1.251e-05 	
        42.778	  1.073e-05 	
        42.798	  1.145e-05 	
        42.818	  1.182e-05 	
        42.838	  1.140e-05 	
        42.857	  1.321e-05 	
        42.878	  1.154e-05 	
        42.898	  1.182e-05 	
        42.919	  1.165e-05 	
        42.939	  1.330e-05 	
        42.959	  1.351e-05 	
        42.977	  1.179e-05 	
        42.998	  1.234e-05 	
        43.017	  1.183e-05 	
        43.039	  1.191e-05 	
        43.059	  1.272e-05 	
        43.077	  1.233e-05 	
        43.098	  1.216e-05 	
        43.118	  1.156e-05 	
        43.138	  1.263e-05 	
        43.157	  1.360e-05 	
        43.178	  1.208e-05 	
        43.198	  1.372e-05 	
        43.217	  1.289e-05 	
        43.237	  1.268e-05 	
        43.258	  1.250e-05 	
        43.278	  1.320e-05 	
        43.298	  1.348e-05 	
        43.318	  1.395e-05 	
        43.339	  1.261e-05 	
        43.357	  1.319e-05 	
        43.377	  1.394e-05 	
        43.398	  1.304e-05 	
        43.418	  1.205e-05 	
        43.439	  1.066e-05 	
        43.459	  1.376e-05 	
        43.478	  1.088e-05 	
        43.498	  1.171e-05 	
        43.518	  1.186e-05 	
        43.538	  1.108e-05 	
        43.559	  1.220e-05 	
        43.578	  1.184e-05 	
        43.598	  1.205e-05 	
        43.618	  1.226e-05 	
        43.638	  1.274e-05 	
        43.659	  1.239e-05 	
        43.679	  1.264e-05 	
        43.698	  1.299e-05 	
        43.716	  1.415e-05 	
        43.738	  1.148e-05 	
        43.758	  1.272e-05 	
        43.779	  1.179e-05 	
        43.798	  1.109e-05 	
        43.818	  1.339e-05 	
        43.839	  1.225e-05 	
        43.859	  1.194e-05 	
        43.879	  1.322e-05 	
        43.898	  1.336e-05 	
        43.919	  1.180e-05 	
        43.939	  1.278e-05 	
        43.958	  1.291e-05 	
        43.979	  1.120e-05 	
        43.998	  1.103e-05 	
        44.018	  1.383e-05 	
        44.038	  1.377e-05 	
        44.059	  1.300e-05 	
        44.078	  1.202e-05 	
        44.098	  1.414e-05 	
        44.118	  1.374e-05 	
        44.138	  1.410e-05 	
        44.159	  1.309e-05 	
        44.179	  1.253e-05 	
        44.198	  1.400e-05 	
        44.217	  1.312e-05 	
        44.239	  1.241e-05 	
        44.258	  1.357e-05 	
        44.279	  1.168e-05 	
        44.297	  1.174e-05 	
        44.318	  1.342e-05 	
        44.338	  1.297e-05 	
        44.359	  1.301e-05 	
        44.378	  1.163e-05 	
        44.397	  1.083e-05 	
        44.418	  1.300e-05 	
        44.438	  1.173e-05 	
        44.459	  1.263e-05 	
        44.477	  1.342e-05 	
        44.498	  1.253e-05 	
        44.518	  1.107e-05 	
        44.539	  1.295e-05 	
        44.557	  1.118e-05 	
        44.579	  1.166e-05 	
        44.598	  1.172e-05 	
        44.618	  1.278e-05 	
        44.639	  1.205e-05 	
        44.659	  1.101e-05 	
        44.679	  1.288e-05 	
        44.698	  1.347e-05 	
        44.718	  1.372e-05 	
        44.739	  1.381e-05 	
        44.758	  1.382e-05 	
        44.778	  1.447e-05 	
        44.797	  1.149e-05 	
        44.817	  1.125e-05 	
        44.837	  1.114e-05 	
        44.858	  1.072e-05 	
        44.877	  1.077e-05 	
        44.898	  1.268e-05 	
        44.918	  1.153e-05 	
        44.939	  1.183e-05 	
        44.958	  1.314e-05 	
        44.977	  1.202e-05 	
        44.998	  1.060e-05 	
        45.018	  1.309e-05 	
        45.039	  1.344e-05 	
        45.058	  1.118e-05 	
        45.079	  1.162e-05 	
        45.098	  1.048e-05 	
        45.119	  1.257e-05 	
        45.139	  1.142e-05 	
        45.158	  1.088e-05 	
        45.179	  1.101e-05 	
        45.197	  1.358e-05 	
        45.218	  1.237e-05 	
        45.238	  1.196e-05 	
        45.258	  1.159e-05 	
        45.279	  1.321e-05 	
        45.298	  1.141e-05 	
        45.317	  1.278e-05 	
        45.338	  1.146e-05 	
        45.358	  1.103e-05 	
        45.377	  1.122e-05 	
        45.397	  1.287e-05 	
        45.418	  1.379e-05 	
        45.439	  1.345e-05 	
        45.456	  1.131e-05 	
        45.479	  1.131e-05 	
        45.498	  1.370e-05 	
        45.517	  1.163e-05 	
        45.538	  1.224e-05 	
        45.558	  1.233e-05 	
        45.579	  1.212e-05 	
        45.598	  1.186e-05 	
        45.618	  1.101e-05 	
        45.638	  1.128e-05 	
        45.658	  1.220e-05 	
        45.679	  1.230e-05 	
        45.698	  1.272e-05 	
        45.718	  1.159e-05 	
        45.739	  1.344e-05 	
        45.757	  1.212e-05 	
        45.779	  1.402e-05 	
        45.798	  1.238e-05 	
        45.818	  1.199e-05 	
        45.838	  1.056e-05 	
        45.859	  1.059e-05 	
        45.878	  1.234e-05 	
        45.898	  1.245e-05 	
        45.918	  1.356e-05 	
        45.938	  1.312e-05 	
        45.959	  1.143e-05 	
        45.979	  1.079e-05 	
        45.998	  1.197e-05 	
        46.018	  1.248e-05 	
        46.038	  1.351e-05 	
        46.057	  1.232e-05 	
        46.079	  1.304e-05 	
        46.098	  1.148e-05 	
        46.118	  1.215e-05 	
        46.139	  1.194e-05 	
        46.159	  1.362e-05 	
        46.178	  1.246e-05 	
        46.198	  1.323e-05 	
        46.218	  1.234e-05 	
        46.239	  1.096e-05 	
        46.259	  1.149e-05 	
        46.279	  1.129e-05 	
        46.298	  1.285e-05 	
        46.318	  1.344e-05 	
        46.339	  1.312e-05 	
        46.359	  1.120e-05 	
        46.378	  1.322e-05 	
        46.398	  1.325e-05 	
        46.418	  1.417e-05 	
        46.439	  1.441e-05 	
        46.459	  1.284e-05 	
        46.477	  1.322e-05 	
        46.498	  1.372e-05 	
        46.518	  1.197e-05 	
        46.538	  1.268e-05 	
        46.557	  1.399e-05 	
        46.579	  1.302e-05 	
        46.598	  1.305e-05 	
        46.618	  1.457e-05 	
        46.639	  1.315e-05 	
        46.658	  1.167e-05 	
        46.679	  1.416e-05 	
        46.697	  1.308e-05 	
        46.718	  1.138e-05 	
        46.738	  1.253e-05 	
        46.757	  1.225e-05 	
        46.779	  1.110e-05 	
        46.798	  1.113e-05 	
        46.818	  1.028e-05 	
        46.838	  1.345e-05 	
        46.858	  1.392e-05 	
        46.877	  1.368e-05 	
        46.898	  1.366e-05 	
        46.918	  1.236e-05 	
        46.939	  1.299e-05 	
        46.957	  1.253e-05 	
        46.979	  1.338e-05 	
        46.998	  1.266e-05 	
        47.018	  1.288e-05 	
        47.039	  1.320e-05 	
        47.058	  1.253e-05 	
        47.079	  1.148e-05 	
        47.098	  1.132e-05 	
        47.118	  1.252e-05 	
        47.139	  1.270e-05 	
        47.156	  1.214e-05 	
        47.179	  1.214e-05 	
        47.198	  1.253e-05 	
        47.217	  1.241e-05 	
        47.238	  1.198e-05 	
        47.258	  1.348e-05 	
        47.279	  1.524e-05 	
        47.298	  1.377e-05 	
        47.318	  1.347e-05 	
        47.338	  1.298e-05 	
        47.358	  1.317e-05 	
        47.377	  1.266e-05 	
        47.398	  1.299e-05 	
        47.418	  1.383e-05 	
        47.438	  1.241e-05 	
        47.456	  1.290e-05 	
        47.478	  1.464e-05 	
        47.498	  1.288e-05 	
        47.518	  1.298e-05 	
        47.538	  1.320e-05 	
        47.559	  1.203e-05 	
        47.579	  1.223e-05 	
        47.598	  1.284e-05 	
        47.618	  1.383e-05 	
        47.638	  1.165e-05 	
        47.656	  1.189e-05 	
        47.679	  1.214e-05 	
        47.697	  1.336e-05 	
        47.718	  1.456e-05 	
        47.737	  1.414e-05 	
        47.759	  1.315e-05 	
        47.778	  1.336e-05 	
        47.798	  1.394e-05 	
        47.818	  1.362e-05 	
        47.838	  1.332e-05 	
        47.856	  1.261e-05 	
        47.879	  1.366e-05 	
        47.898	  1.264e-05 	
        47.918	  1.144e-05 	
        47.938	  1.268e-05 	
        47.957	  1.208e-05 	
        47.978	  1.155e-05 	
        47.998	  1.123e-05 	
        48.017	  1.258e-05 	
        48.038	  1.171e-05 	
        48.059	  1.114e-05 	
        48.079	  1.304e-05 	
        48.098	  1.117e-05 	
        48.118	  1.147e-05 	
        48.139	  1.150e-05 	
        48.157	  1.210e-05 	
        48.179	  1.146e-05 	
        48.198	  1.171e-05 	
        48.218	  1.097e-05 	
        48.238	  1.111e-05 	
        48.258	  1.233e-05 	
        48.278	  1.152e-05 	
        48.298	  1.137e-05 	
        48.318	  1.220e-05 	
        48.339	  1.211e-05 	
        48.359	  1.220e-05 	
        48.379	  1.132e-05 	
        48.398	  1.310e-05 	
        48.418	  1.209e-05 	
        48.439	  1.278e-05 	
        48.458	  1.189e-05 	
        48.478	  1.366e-05 	
        48.498	  1.439e-05 	
        48.518	  1.238e-05 	
        48.539	  1.238e-05 	
        48.558	  1.154e-05 	
        48.578	  1.165e-05 	
        48.598	  1.240e-05 	
        48.618	  1.237e-05 	
        48.639	  1.370e-05 	
        48.659	  1.380e-05 	
        48.679	  1.164e-05 	
        48.698	  1.058e-05 	
        48.718	  1.096e-05 	
        48.738	  1.142e-05 	
        48.759	  1.348e-05 	
        48.778	  1.165e-05 	
        48.798	  1.183e-05 	
        48.818	  1.223e-05 	
        48.838	  1.279e-05 	
        48.859	  1.425e-05 	
        48.877	  1.341e-05 	
        48.898	  1.253e-05 	
        48.918	  1.484e-05 	
        48.939	  1.381e-05 	
        48.959	  1.398e-05 	
        48.978	  1.319e-05 	
        48.998	  1.207e-05 	
        49.018	  1.489e-05 	
        49.038	  1.306e-05 	
        49.058	  1.187e-05 	
        49.077	  1.357e-05 	
        49.098	  1.352e-05 	
        49.118	  1.385e-05 	
        49.138	  1.431e-05 	
        49.159	  1.241e-05 	
        49.177	  1.248e-05 	
        49.198	  1.182e-05 	
        49.218	  1.268e-05 	
        49.238	  1.143e-05 	
        49.259	  1.270e-05 	
        49.278	  1.218e-05 	
        49.298	  1.125e-05 	
        49.318	  1.382e-05 	
        49.338	  1.381e-05 	
        49.359	  1.209e-05 	
        49.378	  1.152e-05 	
        49.398	  1.348e-05 	
        49.418	  1.412e-05 	
        49.438	  1.263e-05 	
        49.459	  1.377e-05 	
        49.478	  1.249e-05 	
        49.498	  1.329e-05 	
        49.517	  1.436e-05 	
        49.538	  1.235e-05 	
        49.558	  1.347e-05 	
        49.578	  1.229e-05 	
        49.598	  1.224e-05 	
        49.618	  1.421e-05 	
        49.638	  1.298e-05 	
        49.658	  1.409e-05 	
        49.678	  1.188e-05 	
        49.696	  1.396e-05 	
        49.718	  1.451e-05 	
        49.738	  1.286e-05 	
        49.759	  1.257e-05 	
        49.778	  1.441e-05 	
        49.798	  1.277e-05 	
        49.818	  1.413e-05 	
        49.838	  1.387e-05 	
        49.858	  1.406e-05 	
        49.879	  1.468e-05 	
        49.898	  1.196e-05 	
        49.918	  1.439e-05 	
        49.939	  1.361e-05 	
        49.959	  1.317e-05 	
        49.978	  1.349e-05 	
        49.998	  1.265e-05 	
        50.018	  1.105e-05 	
        50.038	  1.195e-05 	
        50.059	  1.398e-05 	
        50.077	  1.182e-05 	
        50.098	  1.240e-05 	
        50.117	  1.129e-05 	
        50.138	  1.317e-05 	
        50.159	  1.359e-05 	
        50.178	  1.321e-05 	
        50.198	  1.280e-05 	
        50.218	  1.310e-05 	
        50.237	  1.417e-05 	
        50.257	  1.409e-05 	
        50.279	  1.481e-05 	
        50.298	  1.224e-05 	
        50.318	  1.379e-05 	
        50.339	  1.345e-05 	
        50.358	  1.430e-05 	
        50.379	  1.229e-05 	
        50.398	  1.309e-05 	
        50.419	  1.392e-05 	
        50.438	  1.183e-05 	
        50.457	  1.383e-05 	
        50.479	  1.259e-05 	
        50.498	  1.348e-05 	
        50.519	  1.224e-05 	
        50.539	  1.248e-05 	
        50.558	  1.143e-05 	
        50.578	  1.114e-05 	
        50.598	  1.120e-05 	
        50.619	  1.298e-05 	
        50.639	  1.364e-05 	
        50.657	  1.242e-05 	
        50.678	  1.134e-05 	
        50.698	  1.294e-05 	
        50.718	  1.374e-05 	
        50.739	  1.374e-05 	
        50.758	  1.156e-05 	
        50.779	  1.203e-05 	
        50.798	  1.293e-05 	
        50.818	  1.331e-05 	
        50.839	  1.255e-05 	
        50.858	  1.151e-05 	
        50.879	  1.399e-05 	
        50.898	  1.276e-05 	
        50.917	  1.126e-05 	
        50.938	  1.249e-05 	
        50.958	  1.257e-05 	
        50.979	  1.073e-05 	
        50.998	  1.156e-05 	
        51.018	  1.219e-05 	
        51.038	  1.154e-05 	
        51.057	  1.141e-05 	
        51.078	  1.136e-05 	
        51.098	  1.152e-05 	
        51.118	  1.069e-05 	
        51.139	  1.418e-05 	
        51.158	  1.240e-05 	
        51.179	  1.174e-05 	
        51.198	  1.313e-05 	
        51.217	  1.279e-05 	
        51.238	  1.405e-05 	
        51.259	  1.227e-05 	
        51.279	  1.131e-05 	
        51.298	  1.116e-05 	
        51.317	  1.139e-05 	
        51.338	  1.225e-05 	
        51.359	  1.297e-05 	
        51.379	  1.383e-05 	
        51.398	  1.126e-05 	
        51.418	  1.154e-05 	
        51.437	  1.278e-05 	
        51.459	  1.183e-05 	
        51.479	  1.306e-05 	
        51.498	  1.442e-05 	
        51.518	  1.295e-05 	
        51.539	  1.184e-05 	
        51.557	  1.117e-05 	
        51.578	  1.327e-05 	
        51.598	  1.235e-05 	
        51.618	  1.426e-05 	
        51.639	  1.439e-05 	
        51.658	  1.397e-05 	
        51.678	  1.481e-05 	
        51.698	  1.240e-05 	
        51.718	  1.188e-05 	
        51.739	  1.299e-05 	
        51.759	  1.212e-05 	
        51.779	  1.184e-05 	
        51.798	  1.188e-05 	
        51.818	  1.428e-05 	
        51.839	  1.174e-05 	
        51.859	  1.232e-05 	
        51.878	  1.323e-05 	
        51.898	  1.408e-05 	
        51.918	  1.268e-05 	
        51.938	  1.169e-05 	
        51.959	  1.112e-05 	
        51.977	  1.322e-05 	
        51.998	  1.220e-05 	
        52.018	  1.300e-05 	
        52.039	  1.329e-05 	
        52.059	  1.250e-05 	
        52.077	  1.374e-05 	
        52.098	  1.191e-05 	
        52.118	  1.107e-05 	
        52.139	  1.156e-05 	
        52.159	  1.167e-05 	
        52.177	  1.129e-05 	
        52.197	  1.205e-05 	
        52.217	  1.315e-05 	
        52.239	  1.345e-05 	
        52.259	  1.302e-05 	
        52.277	  1.253e-05 	
        52.298	  1.404e-05 	
        52.319	  1.217e-05 	
        52.339	  1.304e-05 	
        52.359	  1.217e-05 	
        52.378	  1.126e-05 	
        52.398	  1.120e-05 	
        52.417	  1.150e-05 	
        52.437	  1.260e-05 	
        52.459	  1.466e-05 	
        52.477	  1.383e-05 	
        52.498	  1.256e-05 	
        52.518	  1.372e-05 	
        52.537	  1.385e-05 	
        52.557	  1.166e-05 	
        52.577	  1.317e-05 	
        52.598	  1.123e-05 	
        52.618	  1.184e-05 	
        52.638	  1.112e-05 	
        52.659	  1.338e-05 	
        52.678	  1.216e-05 	
        52.698	  1.181e-05 	
        52.718	  1.225e-05 	
        52.738	  1.149e-05 	
        52.757	  1.339e-05 	
        52.778	  1.319e-05 	
        52.798	  1.203e-05 	
        52.818	  1.365e-05 	
        52.837	  1.314e-05 	
        52.857	  1.166e-05 	
        52.879	  1.364e-05 	
        52.898	  1.323e-05 	
        52.919	  1.447e-05 	
        52.937	  1.522e-05 	
        52.957	  1.347e-05 	
        52.979	  1.172e-05 	
        52.998	  1.169e-05 	
        53.018	  1.402e-05 	
        53.037	  1.234e-05 	
        53.058	  1.296e-05 	
        53.078	  1.199e-05 	
        53.098	  1.246e-05 	
        53.118	  1.169e-05 	
        53.138	  1.368e-05 	
        53.159	  1.259e-05 	
        53.179	  1.142e-05 	
        53.198	  1.152e-05 	
        53.218	  1.359e-05 	
        53.237	  1.298e-05 	
        53.258	  1.130e-05 	
        53.279	  1.210e-05 	
        53.297	  1.354e-05 	
        53.319	  1.325e-05 	
        53.338	  1.362e-05 	
        53.358	  1.360e-05 	
        53.379	  1.550e-05 	
        53.397	  1.300e-05 	
        53.419	  1.231e-05 	
        53.438	  1.195e-05 	
        53.459	  1.136e-05 	
        53.479	  1.173e-05 	
        53.496	  1.407e-05 	
        53.517	  1.208e-05 	
        53.538	  1.295e-05 	
        53.558	  1.203e-05 	
        53.578	  1.221e-05 	
        53.598	  1.237e-05 	
        53.618	  1.303e-05 	
        53.638	  1.208e-05 	
        53.658	  1.140e-05 	
        53.678	  1.188e-05 	
        53.696	  1.169e-05 	
        53.717	  1.163e-05 	
        53.738	  1.272e-05 	
        53.759	  1.114e-05 	
        53.778	  1.057e-05 	
        53.798	  1.101e-05 	
        53.818	  1.137e-05 	
        53.838	  1.225e-05 	
        53.858	  1.260e-05 	
        53.879	  1.138e-05 	
        53.897	  1.192e-05 	
        53.918	  1.111e-05 	
        53.938	  1.234e-05 	
        53.959	  1.100e-05 	
        53.979	  1.208e-05 	
        53.998	  1.195e-05 	
        54.018	  1.173e-05 	
        54.038	  1.201e-05 	
        54.059	  1.229e-05 	
        54.078	  1.086e-05 	
        54.098	  1.292e-05 	
        54.118	  1.319e-05 	
        54.138	  1.197e-05 	
        54.157	  1.119e-05 	
        54.179	  1.249e-05 	
        54.198	  1.345e-05 	
        54.218	  1.449e-05 	
        54.239	  1.404e-05 	
        54.258	  1.298e-05 	
        54.278	  1.311e-05 	
        54.298	  1.272e-05 	
        54.318	  1.244e-05 	
        54.339	  1.210e-05 	
        54.359	  1.248e-05 	
        54.379	  1.176e-05 	
        54.398	  1.287e-05 	
        54.418	  1.244e-05 	
        54.439	  1.314e-05 	
        54.459	  1.240e-05 	
        54.479	  1.212e-05 	
        54.498	  1.330e-05 	
        54.518	  1.192e-05 	
        54.538	  1.291e-05 	
        54.556	  1.450e-05 	
        54.579	  1.400e-05 	
        54.598	  1.372e-05 	
        54.617	  1.226e-05 	
        54.639	  1.280e-05 	
        54.657	  1.281e-05 	
        54.679	  1.421e-05 	
        54.696	  1.443e-05 	
        54.718	  1.182e-05 	
        54.738	  1.246e-05 	
        54.759	  1.198e-05 	
        54.778	  1.327e-05 	
        54.798	  1.315e-05 	
        54.818	  1.450e-05 	
        54.838	  1.445e-05 	
        54.859	  1.426e-05 	
        54.879	  1.202e-05 	
        54.898	  1.116e-05 	
        54.917	  1.359e-05 	
        54.937	  1.182e-05 	
        54.958	  1.149e-05 	
        54.978	  1.255e-05 	
        54.998	  1.221e-05 	
        55.018	  1.382e-05 	
        55.039	  1.340e-05 	
        55.056	  1.262e-05 	
        55.078	  1.250e-05 	
        55.097	  1.314e-05 	
        55.118	  1.416e-05 	
        55.139	  1.374e-05 	
        55.156	  1.332e-05 	
        55.178	  1.305e-05 	
        55.196	  1.298e-05 	
        55.218	  1.386e-05 	
        55.239	  1.220e-05 	
        55.257	  1.221e-05 	
        55.278	  1.304e-05 	
        55.297	  1.358e-05 	
        55.318	  1.421e-05 	
        55.339	  1.519e-05 	
        55.357	  1.565e-05 	
        55.378	  1.272e-05 	
        55.396	  1.188e-05 	
        55.418	  1.268e-05 	
        55.438	  1.298e-05 	
        55.457	  1.453e-05 	
        55.478	  1.306e-05 	
        55.496	  1.430e-05 	
        55.518	  1.292e-05 	
        55.539	  1.421e-05 	
        55.557	  1.528e-05 	
        55.578	  1.312e-05 	
        55.597	  1.295e-05 	
        55.618	  1.295e-05 	
        55.639	  1.401e-05 	
        55.656	  1.182e-05 	
        55.678	  1.265e-05 	
        55.696	  1.196e-05 	
        55.719	  1.274e-05 	
        55.739	  1.231e-05 	
        55.757	  1.135e-05 	
        55.778	  1.206e-05 	
        55.797	  1.194e-05 	
        55.818	  1.274e-05 	
        55.839	  1.164e-05 	
        55.856	  1.319e-05 	
        55.877	  1.330e-05 	
        55.897	  1.445e-05 	
        55.917	  1.229e-05 	
        55.939	  1.124e-05 	
        55.957	  1.287e-05 	
        55.978	  1.402e-05 	
        55.997	  1.264e-05 	
        56.019	  1.379e-05 	
        56.038	  1.300e-05 	
        56.056	  1.297e-05 	
        56.078	  1.332e-05 	
        56.097	  1.311e-05 	
        56.118	  1.178e-05 	
        56.138	  1.460e-05 	
        56.157	  1.295e-05 	
        56.177	  1.462e-05 	
        56.195	  1.355e-05 	
        56.218	  1.155e-05 	
        56.238	  1.163e-05 	
        56.257	  1.139e-05 	
        56.278	  1.141e-05 	
        56.297	  1.205e-05 	
        56.318	  1.200e-05 	
        56.338	  1.121e-05 	
        56.357	  1.064e-05 	
        56.377	  1.176e-05 	
        56.397	  1.325e-05 	
        56.418	  1.253e-05 	
        56.438	  1.407e-05 	
        56.456	  1.474e-05 	
        56.478	  1.274e-05 	
        56.496	  1.435e-05 	
        56.518	  1.500e-05 	
        56.538	  1.426e-05 	
        56.556	  1.428e-05 	
        56.577	  1.244e-05 	
        56.597	  1.282e-05 	
        56.618	  1.314e-05 	
        56.638	  1.290e-05 	
        56.657	  1.164e-05 	
        56.678	  1.186e-05 	
        56.697	  1.308e-05 	
        56.718	  1.302e-05 	
        56.738	  1.444e-05 	
        56.756	  1.528e-05 	
        56.778	  1.454e-05 	
        56.797	  1.475e-05 	
        56.818	  1.344e-05 	
        56.838	  1.340e-05 	
        56.856	  1.263e-05 	
        56.878	  1.485e-05 	
        56.897	  1.252e-05 	
        56.918	  1.452e-05 	
        56.938	  1.298e-05 	
        56.957	  1.432e-05 	
        56.978	  1.422e-05 	
        56.996	  1.272e-05 	
        57.017	  1.397e-05 	
        57.038	  1.252e-05 	
        57.057	  1.150e-05 	
        57.078	  1.321e-05 	
        57.097	  1.252e-05 	
        57.118	  1.261e-05 	
        57.138	  1.245e-05 	
        57.156	  1.362e-05 	
        57.178	  1.227e-05 	
        57.197	  1.329e-05 	
        57.218	  1.311e-05 	
        57.237	  1.240e-05 	
        57.257	  1.189e-05 	
        57.279	  1.176e-05 	
        57.296	  1.421e-05 	
        57.318	  1.355e-05 	
        57.337	  1.239e-05 	
        57.355	  1.220e-05 	
        57.377	  1.203e-05 	
        57.397	  1.262e-05 	
        57.418	  1.227e-05 	
        57.438	  1.340e-05 	
        57.456	  1.343e-05 	
        57.478	  1.184e-05 	
        57.497	  1.286e-05 	
        57.519	  1.327e-05 	
        57.538	  1.162e-05 	
        57.556	  1.122e-05 	
        57.579	  1.201e-05 	
        57.596	  1.228e-05 	
        57.618	  1.458e-05 	
        57.638	  1.235e-05 	
        57.656	  1.128e-05 	
        57.679	  1.139e-05 	
        57.697	  1.238e-05 	
        57.718	  1.263e-05 	
        57.738	  1.112e-05 	
        57.757	  1.317e-05 	
        57.779	  1.179e-05 	
        57.796	  1.069e-05 	
        57.819	  1.335e-05 	
        57.838	  1.398e-05 	
        57.856	  1.509e-05 	
        57.878	  1.468e-05 	
        57.896	  1.321e-05 	
        57.918	  1.329e-05 	
        57.938	  1.300e-05 	
        57.957	  1.209e-05 	
        57.979	  1.203e-05 	
        57.996	  1.342e-05 	
        58.018	  1.439e-05 	
        58.038	  1.170e-05 	
        58.057	  1.377e-05 	
        58.079	  1.219e-05 	
        58.097	  1.396e-05 	
        58.118	  1.148e-05 	
        58.138	  1.404e-05 	
        58.157	  1.366e-05 	
        58.179	  1.409e-05 	
        58.196	  1.344e-05 	
        58.219	  1.450e-05 	
        58.237	  1.148e-05 	
        58.257	  1.229e-05 	
        58.279	  1.310e-05 	
        58.297	  1.312e-05 	
        58.318	  1.284e-05 	
        58.338	  1.332e-05 	
        58.357	  1.244e-05 	
        58.379	  1.216e-05 	
        58.397	  1.308e-05 	
        58.418	  1.139e-05 	
        58.438	  1.218e-05 	
        58.456	  1.302e-05 	
        58.478	  1.157e-05 	
        58.495	  1.065e-05 	
        58.519	  1.331e-05 	
        58.538	  1.454e-05 	
        58.556	  1.409e-05 	
        58.578	  1.283e-05 	
        58.597	  1.429e-05 	
        58.619	  1.351e-05 	
        58.637	  1.366e-05 	
        58.657	  1.425e-05 	
        58.678	  1.380e-05 	
        58.696	  1.253e-05 	
        58.718	  1.189e-05 	
        58.738	  1.208e-05 	
        58.757	  1.355e-05 	
        58.778	  1.261e-05 	
        58.796	  1.206e-05 	
        58.818	  1.170e-05 	
        58.838	  1.236e-05 	
        58.857	  1.285e-05 	
        58.878	  1.212e-05 	
        58.896	  1.219e-05 	
        58.918	  1.246e-05 	
        58.938	  1.180e-05 	
        58.957	  1.240e-05 	
        58.978	  1.211e-05 	
        58.996	  1.417e-05 	
        59.018	  1.362e-05 	
        59.038	  1.381e-05 	
        59.057	  1.239e-05 	
        59.079	  1.119e-05 	
        59.096	  1.152e-05 	
        59.118	  1.428e-05 	
        59.138	  1.310e-05 	
        59.157	  1.185e-05 	
        59.178	  1.210e-05 	
        59.196	  1.450e-05 	
        59.218	  1.246e-05 	
        59.238	  1.219e-05 	
        59.257	  1.319e-05 	
        59.279	  1.247e-05 	
        59.296	  1.285e-05 	
        59.318	  1.353e-05 	
        59.338	  1.342e-05 	
        59.357	  1.191e-05 	
        59.379	  1.247e-05 	
        59.396	  1.324e-05 	
        59.418	  1.443e-05 	
        59.438	  1.248e-05 	
        59.457	  1.154e-05 	
        59.479	  1.203e-05 	
        59.496	  1.284e-05 	
        59.518	  1.353e-05 	
        59.538	  1.274e-05 	
        59.556	  1.351e-05 	
        59.579	  1.371e-05 	
        59.595	  1.375e-05 	
        59.617	  1.272e-05 	
        59.638	  1.209e-05 	
        59.655	  1.357e-05 	
        59.679	  1.387e-05 	
        59.696	  1.285e-05 	
        59.717	  1.387e-05 	
        59.738	  1.334e-05 	
        59.757	  1.438e-05 	
        59.778	  1.313e-05 	
        59.797	  1.151e-05 	
        59.819	  1.342e-05 	
        59.838	  1.400e-05 	
        59.857	  1.208e-05 	
        59.879	  1.237e-05 	
        59.896	  1.404e-05 	
        59.918	  1.353e-05 	
        59.938	  1.308e-05 	
        59.957	  1.352e-05 	
        59.979	  1.300e-05 	
        59.996	  1.406e-05 	
        60.018	  1.508e-05 	
        60.038	  1.491e-05 	
        60.056	  1.310e-05 	
        60.079	  1.233e-05 	
        60.097	  1.215e-05 	
        60.118	  1.512e-05 	
        60.137	  1.344e-05 	
        60.157	  1.344e-05 	
        60.179	  1.293e-05 	
        60.195	  1.460e-05 	
        60.217	  1.357e-05 	
        60.238	  1.503e-05 	
        60.257	  1.530e-05 	
        60.279	  1.338e-05 	
        60.297	  1.487e-05 	
        60.318	  1.220e-05 	
        60.338	  1.202e-05 	
        60.356	  1.223e-05 	
        60.379	  1.229e-05 	
        60.396	  1.374e-05 	
        60.418	  1.424e-05 	
        60.438	  1.281e-05 	
        60.457	  1.266e-05 	
        60.478	  1.380e-05 	
        60.497	  1.330e-05 	
        60.518	  1.167e-05 	
        60.538	  1.086e-05 	
        60.557	  1.139e-05 	
        60.579	  1.172e-05 	
        60.597	  1.179e-05 	
        60.618	  1.321e-05 	
        60.637	  1.291e-05 	
        60.657	  1.418e-05 	
        60.678	  1.462e-05 	
        60.696	  1.434e-05 	
        60.718	  1.436e-05 	
        60.738	  1.314e-05 	
        60.756	  1.417e-05 	
        60.779	  1.257e-05 	
        60.796	  1.338e-05 	
        60.818	  1.472e-05 	
        60.838	  1.262e-05 	
        60.856	  1.154e-05 	
        60.878	  1.284e-05 	
        60.896	  1.344e-05 	
        60.918	  1.366e-05 	
        60.939	  1.235e-05 	
        60.957	  1.263e-05 	
        60.978	  1.314e-05 	
        60.997	  1.360e-05 	
        61.018	  1.247e-05 	
        61.037	  1.475e-05 	
        61.056	  1.406e-05 	
        61.079	  1.229e-05 	
        61.096	  1.213e-05 	
        61.118	  1.285e-05 	
        61.139	  1.356e-05 	
        61.157	  1.436e-05 	
        61.179	  1.343e-05 	
        61.196	  1.226e-05 	
        61.218	  1.359e-05 	
        61.239	  1.412e-05 	
        61.257	  1.467e-05 	
        61.279	  1.402e-05 	
        61.295	  1.445e-05 	
        61.318	  1.366e-05 	
        61.339	  1.323e-05 	
        61.357	  1.167e-05 	
        61.379	  1.388e-05 	
        61.396	  1.296e-05 	
        61.418	  1.143e-05 	
        61.438	  1.353e-05 	
        61.457	  1.352e-05 	
        61.477	  1.276e-05 	
        61.496	  1.325e-05 	
        61.518	  1.395e-05 	
        61.539	  1.459e-05 	
        61.557	  1.277e-05 	
        61.577	  1.274e-05 	
        61.596	  1.401e-05 	
        61.618	  1.346e-05 	
        61.639	  1.259e-05 	
        61.657	  1.129e-05 	
        61.679	  1.086e-05 	
        61.696	  1.359e-05 	
        61.716	  1.469e-05 	
        61.738	  1.310e-05 	
        61.756	  1.330e-05 	
        61.779	  1.340e-05 	
        61.796	  1.303e-05 	
        61.816	  1.290e-05 	
        61.839	  1.174e-05 	
        61.856	  1.216e-05 	
        61.878	  1.228e-05 	
        61.896	  1.294e-05 	
        61.918	  1.113e-05 	
        61.938	  1.180e-05 	
        61.956	  1.151e-05 	
        61.979	  1.454e-05 	
        61.995	  1.417e-05 	
        62.016	  1.311e-05 	
        62.038	  1.298e-05 	
        62.055	  1.244e-05 	
        62.079	  1.158e-05 	
        62.095	  1.116e-05 	
        62.119	  1.312e-05 	
        62.139	  1.283e-05 	
        62.157	  1.101e-05 	
        62.178	  1.060e-05 	
        62.195	  1.193e-05 	
        62.218	  1.208e-05 	
        62.239	  1.156e-05 	
        62.257	  1.323e-05 	
        62.279	  1.369e-05 	
        62.295	  1.445e-05 	
        62.317	  1.401e-05 	
        62.338	  1.338e-05 	
        62.357	  1.451e-05 	
        62.378	  1.399e-05 	
        62.395	  1.274e-05 	
        62.418	  1.230e-05 	
        62.438	  1.273e-05 	
        62.455	  1.362e-05 	
        62.478	  1.194e-05 	
        62.496	  1.258e-05 	
        62.519	  1.227e-05 	
        62.539	  1.208e-05 	
        62.556	  1.204e-05 	
        62.579	  1.309e-05 	
        62.595	  1.221e-05 	
        62.619	  1.253e-05 	
        62.638	  1.212e-05 	
        62.656	  1.375e-05 	
        62.679	  1.325e-05 	
        62.695	  1.357e-05 	
        62.718	  1.477e-05 	
        62.738	  1.398e-05 	
        62.756	  1.215e-05 	
        62.779	  1.257e-05 	
        62.797	  1.302e-05 	
        62.818	  1.438e-05 	
        62.838	  1.246e-05 	
        62.855	  1.104e-05 	
        62.879	  1.304e-05 	
        62.896	  1.180e-05 	
        62.918	  1.165e-05 	
        62.938	  1.278e-05 	
        62.956	  1.157e-05 	
        62.979	  1.209e-05 	
        62.996	  1.327e-05 	
        63.018	  1.122e-05 	
        63.039	  1.271e-05 	
        63.056	  1.265e-05 	
        63.078	  1.283e-05 	
        63.096	  1.398e-05 	
        63.118	  1.416e-05 	
        63.139	  1.401e-05 	
        63.156	  1.198e-05 	
        63.179	  1.434e-05 	
        63.196	  1.475e-05 	
        63.218	  1.476e-05 	
        63.238	  1.265e-05 	
        63.256	  1.215e-05 	
        63.279	  1.249e-05 	
        63.296	  1.400e-05 	
        63.318	  1.373e-05 	
        63.338	  1.503e-05 	
        63.356	  1.213e-05 	
        63.378	  1.298e-05 	
        63.396	  1.374e-05 	
        63.419	  1.425e-05 	
        63.438	  1.247e-05 	
        63.456	  1.275e-05 	
        63.476	  1.365e-05 	
        63.497	  1.242e-05 	
        63.518	  1.171e-05 	
        63.539	  1.188e-05 	
        63.555	  1.389e-05 	
        63.578	  1.362e-05 	
        63.597	  1.396e-05 	
        63.618	  1.353e-05 	
        63.639	  1.270e-05 	
