;PC Software:StarLab Version 3.72 Build 3
! ******* Warning: Do not modify this file. Changes may prevent   ********
! ******* the StarLab Log reader from opening the file correctly. ********
;Logged:04/08/2022 at 17:11:04
;File Version:5
;Time Resolution:1 microseconds
;Graph Mode:Merge
;Graph Type:Line
;Notes:                                                            

;Channel A:Vega Pyroelectric PE9 (s/n:574745)  VG2.54 (s/n:547613)

;Channel A:Details
;Name:PE9
;Graph Color:RGB(14,104,168)
;Units:J
;Settings:Measuring:Energy
;Settings:Wavelength:206
;Settings:Range:200uJ
;Settings:Diffuser:N/A
;Settings:Pulse Width:30uS
;Settings:Threshold:N/A

;Channel A:Statistics
;Min:8.200uJ             
;Max:14.70uJ             
;Average:11.36uJ             
;Std.Dev.:1.086uJ             
;Overrange:0                   
;Total Pulses:1600                
;--------------------


;First Pulse Arrived : 04/08/2022 at 17:11:16
  Timestamp   	  Channel A  	
         0.000	  1.010e-05 	
         0.020	  1.050e-05 	
         0.038	  9.800e-06 	
         0.058	  9.400e-06 	
         0.079	  1.270e-05 	
         0.098	  1.000e-05 	
         0.120	  1.180e-05 	
         0.138	  1.110e-05 	
         0.158	  1.070e-05 	
         0.179	  1.030e-05 	
         0.200	  1.060e-05 	
         0.219	  1.100e-05 	
         0.239	  1.160e-05 	
         0.259	  1.320e-05 	
         0.279	  1.330e-05 	
         0.299	  1.170e-05 	
         0.320	  1.110e-05 	
         0.339	  1.090e-05 	
         0.359	  1.160e-05 	
         0.378	  1.200e-05 	
         0.398	  1.120e-05 	
         0.420	  1.220e-05 	
         0.439	  1.310e-05 	
         0.459	  1.370e-05 	
         0.478	  1.200e-05 	
         0.498	  1.110e-05 	
         0.519	  9.800e-06 	
         0.538	  9.600e-06 	
         0.558	  1.180e-05 	
         0.578	  1.270e-05 	
         0.600	  1.390e-05 	
         0.618	  1.200e-05 	
         0.639	  1.030e-05 	
         0.659	  1.310e-05 	
         0.678	  1.330e-05 	
         0.698	  1.140e-05 	
         0.720	  1.150e-05 	
         0.738	  1.010e-05 	
         0.759	  1.010e-05 	
         0.778	  1.170e-05 	
         0.799	  1.180e-05 	
         0.820	  1.220e-05 	
         0.838	  1.120e-05 	
         0.859	  9.300e-06 	
         0.879	  9.600e-06 	
         0.899	  9.800e-06 	
         0.920	  1.160e-05 	
         0.939	  1.110e-05 	
         0.959	  1.080e-05 	
         0.978	  1.140e-05 	
         2.261	  1.010e-05 	
         2.278	  1.140e-05 	
         2.299	  1.140e-05 	
         2.320	  1.070e-05 	
         2.339	  1.270e-05 	
         2.360	  1.190e-05 	
         2.378	  1.160e-05 	
         2.400	  1.240e-05 	
         2.420	  1.270e-05 	
         2.440	  1.070e-05 	
         2.459	  1.000e-05 	
         2.478	  9.900e-06 	
         2.499	  1.180e-05 	
         2.520	  1.170e-05 	
         2.539	  1.140e-05 	
         2.559	  1.180e-05 	
         2.578	  1.320e-05 	
         2.599	  1.030e-05 	
         2.620	  9.400e-06 	
         2.639	  9.300e-06 	
         2.659	  1.120e-05 	
         2.678	  1.110e-05 	
         2.700	  8.900e-06 	
         2.720	  8.200e-06 	
         2.739	  1.090e-05 	
         2.759	  1.180e-05 	
         2.779	  9.500e-06 	
         2.798	  9.600e-06 	
         2.820	  1.110e-05 	
         2.840	  1.160e-05 	
         2.858	  1.090e-05 	
         2.879	  1.160e-05 	
         2.900	  9.200e-06 	
         2.920	  1.010e-05 	
         2.940	  1.110e-05 	
         2.959	  1.160e-05 	
         2.978	  1.090e-05 	
         3.000	  1.140e-05 	
         3.020	  1.190e-05 	
         3.040	  1.060e-05 	
         3.059	  1.160e-05 	
         3.078	  9.800e-06 	
         3.100	  1.020e-05 	
         3.119	  9.500e-06 	
         3.139	  1.240e-05 	
         3.160	  1.170e-05 	
         3.178	  1.160e-05 	
         3.200	  1.180e-05 	
         3.220	  1.220e-05 	
         3.239	  1.180e-05 	
         4.502	  1.060e-05 	
         4.519	  1.020e-05 	
         4.540	  9.900e-06 	
         4.559	  1.030e-05 	
         4.579	  1.120e-05 	
         4.600	  1.060e-05 	
         4.618	  1.150e-05 	
         4.639	  1.270e-05 	
         4.660	  1.070e-05 	
         4.679	  1.210e-05 	
         4.700	  1.180e-05 	
         4.718	  1.310e-05 	
         4.740	  1.290e-05 	
         4.759	  1.250e-05 	
         4.778	  1.140e-05 	
         4.799	  1.130e-05 	
         4.818	  1.140e-05 	
         4.840	  1.200e-05 	
         4.860	  1.340e-05 	
         4.878	  1.260e-05 	
         4.899	  1.130e-05 	
         4.918	  9.400e-06 	
         4.939	  1.080e-05 	
         4.959	  9.300e-06 	
         4.980	  1.060e-05 	
         5.000	  9.100e-06 	
         5.019	  9.800e-06 	
         5.040	  9.600e-06 	
         5.060	  1.090e-05 	
         5.078	  1.000e-05 	
         5.100	  1.160e-05 	
         5.119	  1.020e-05 	
         5.140	  1.180e-05 	
         5.160	  1.030e-05 	
         5.178	  1.230e-05 	
         5.199	  1.200e-05 	
         5.218	  1.050e-05 	
         5.239	  1.140e-05 	
         5.259	  1.160e-05 	
         5.279	  1.190e-05 	
         5.300	  1.020e-05 	
         5.318	  9.600e-06 	
         5.340	  1.070e-05 	
         5.359	  9.500e-06 	
         5.379	  1.050e-05 	
         5.399	  1.020e-05 	
         5.419	  1.160e-05 	
         5.438	  1.090e-05 	
         5.459	  1.080e-05 	
         5.479	  1.220e-05 	
         6.742	  1.290e-05 	
         6.758	  1.330e-05 	
         6.779	  1.310e-05 	
         6.798	  1.340e-05 	
         6.820	  1.010e-05 	
         6.840	  1.080e-05 	
         6.859	  1.000e-05 	
         6.878	  1.090e-05 	
         6.899	  1.150e-05 	
         6.919	  1.240e-05 	
         6.940	  1.080e-05 	
         6.958	  1.240e-05 	
         6.978	  9.900e-06 	
         7.000	  9.300e-06 	
         7.018	  1.210e-05 	
         7.040	  1.150e-05 	
         7.058	  1.170e-05 	
         7.078	  1.190e-05 	
         7.100	  1.160e-05 	
         7.119	  1.290e-05 	
         7.140	  1.280e-05 	
         7.159	  1.000e-05 	
         7.178	  1.110e-05 	
         7.200	  1.180e-05 	
         7.220	  1.040e-05 	
         7.242	  1.290e-05 	
         7.258	  1.010e-05 	
         7.279	  1.090e-05 	
         7.298	  9.600e-06 	
         7.318	  1.220e-05 	
         7.339	  9.800e-06 	
         7.359	  9.000e-06 	
         7.378	  8.800e-06 	
         7.398	  1.100e-05 	
         7.418	  1.050e-05 	
         7.439	  1.110e-05 	
         7.458	  1.160e-05 	
         7.478	  1.120e-05 	
         7.500	  1.070e-05 	
         7.519	  1.120e-05 	
         7.538	  1.170e-05 	
         7.559	  1.010e-05 	
         7.578	  1.060e-05 	
         7.600	  9.300e-06 	
         7.619	  1.080e-05 	
         7.639	  1.020e-05 	
         7.659	  8.600e-06 	
         7.678	  1.080e-05 	
         7.700	  1.220e-05 	
         7.719	  9.400e-06 	
         9.001	  1.010e-05 	
         9.018	  9.300e-06 	
         9.038	  1.090e-05 	
         9.059	  1.210e-05 	
         9.078	  1.010e-05 	
         9.099	  9.200e-06 	
         9.119	  1.090e-05 	
         9.140	  1.110e-05 	
         9.160	  1.200e-05 	
         9.178	  1.160e-05 	
         9.199	  1.270e-05 	
         9.220	  1.220e-05 	
         9.239	  1.210e-05 	
         9.260	  1.060e-05 	
         9.278	  1.110e-05 	
         9.300	  1.170e-05 	
         9.319	  1.080e-05 	
         9.339	  1.140e-05 	
         9.359	  1.000e-05 	
         9.378	  1.030e-05 	
         9.400	  1.150e-05 	
         9.419	  1.110e-05 	
         9.439	  1.100e-05 	
         9.458	  1.290e-05 	
         9.478	  1.210e-05 	
         9.500	  1.070e-05 	
         9.519	  1.140e-05 	
         9.540	  1.110e-05 	
         9.560	  1.110e-05 	
         9.578	  1.030e-05 	
         9.598	  1.030e-05 	
         9.619	  1.110e-05 	
         9.639	  1.160e-05 	
         9.660	  1.080e-05 	
         9.678	  1.070e-05 	
         9.700	  1.110e-05 	
         9.719	  1.120e-05 	
         9.739	  1.180e-05 	
         9.760	  1.190e-05 	
         9.778	  1.210e-05 	
         9.798	  1.280e-05 	
         9.819	  1.070e-05 	
         9.840	  1.120e-05 	
         9.859	  1.200e-05 	
         9.878	  1.120e-05 	
         9.900	  1.080e-05 	
         9.919	  1.120e-05 	
         9.940	  1.120e-05 	
         9.960	  1.230e-05 	
         9.978	  1.060e-05 	
        11.240	  1.010e-05 	
        11.258	  1.030e-05 	
        11.278	  1.240e-05 	
        11.299	  1.430e-05 	
        11.320	  1.470e-05 	
        11.340	  1.200e-05 	
        11.358	  1.320e-05 	
        11.378	  1.350e-05 	
        11.399	  1.250e-05 	
        11.419	  9.600e-06 	
        11.440	  1.120e-05 	
        11.458	  9.900e-06 	
        11.478	  1.290e-05 	
        11.499	  1.240e-05 	
        11.519	  1.110e-05 	
        11.540	  1.200e-05 	
        11.558	  1.220e-05 	
        11.578	  1.270e-05 	
        11.599	  1.200e-05 	
        11.620	  1.090e-05 	
        11.638	  1.050e-05 	
        11.658	  1.140e-05 	
        11.678	  1.250e-05 	
        11.699	  1.270e-05 	
        11.719	  1.160e-05 	
        11.740	  1.120e-05 	
        11.758	  1.040e-05 	
        11.780	  1.090e-05 	
        11.800	  1.320e-05 	
        11.819	  1.260e-05 	
        11.840	  1.270e-05 	
        11.858	  1.250e-05 	
        11.878	  1.200e-05 	
        11.899	  1.280e-05 	
        11.919	  1.200e-05 	
        11.939	  1.230e-05 	
        11.958	  1.100e-05 	
        11.978	  1.350e-05 	
        12.000	  1.390e-05 	
        12.019	  1.170e-05 	
        12.040	  1.160e-05 	
        12.059	  1.280e-05 	
        12.078	  1.380e-05 	
        12.100	  1.160e-05 	
        12.119	  1.110e-05 	
        12.140	  1.190e-05 	
        12.159	  1.070e-05 	
        12.178	  1.150e-05 	
        12.200	  1.180e-05 	
        12.218	  1.160e-05 	
        13.500	  1.180e-05 	
        13.519	  1.100e-05 	
        13.539	  1.220e-05 	
        13.560	  1.010e-05 	
        13.579	  9.300e-06 	
        13.598	  1.130e-05 	
        13.619	  1.070e-05 	
        13.639	  9.800e-06 	
        13.660	  1.140e-05 	
        13.679	  1.170e-05 	
        13.700	  1.340e-05 	
        13.718	  1.290e-05 	
        13.740	  1.390e-05 	
        13.760	  1.200e-05 	
        13.778	  9.800e-06 	
        13.800	  8.900e-06 	
        13.819	  1.090e-05 	
        13.840	  1.070e-05 	
        13.859	  1.000e-05 	
        13.879	  1.150e-05 	
        13.899	  1.200e-05 	
        13.920	  1.310e-05 	
        13.940	  1.180e-05 	
        13.960	  1.310e-05 	
        13.979	  1.310e-05 	
        14.000	  1.200e-05 	
        14.019	  1.230e-05 	
        14.042	  1.180e-05 	
        14.060	  1.220e-05 	
        14.078	  1.240e-05 	
        14.099	  1.160e-05 	
        14.119	  1.140e-05 	
        14.139	  1.230e-05 	
        14.160	  1.050e-05 	
        14.178	  1.120e-05 	
        14.200	  1.050e-05 	
        14.218	  1.140e-05 	
        14.240	  1.220e-05 	
        14.257	  1.200e-05 	
        14.279	  1.220e-05 	
        14.300	  1.310e-05 	
        14.318	  1.320e-05 	
        14.340	  1.200e-05 	
        14.360	  1.160e-05 	
        14.378	  1.200e-05 	
        14.399	  1.110e-05 	
        14.419	  1.130e-05 	
        14.439	  1.290e-05 	
        14.459	  1.110e-05 	
        14.478	  1.160e-05 	
        15.760	  9.900e-06 	
        15.778	  1.250e-05 	
        15.798	  1.100e-05 	
        15.820	  1.250e-05 	
        15.839	  1.110e-05 	
        15.858	  9.400e-06 	
        15.878	  1.120e-05 	
        15.898	  1.070e-05 	
        15.918	  1.290e-05 	
        15.938	  9.800e-06 	
        15.959	  1.030e-05 	
        15.978	  1.200e-05 	
        15.998	  9.800e-06 	
        16.019	  1.130e-05 	
        16.039	  1.220e-05 	
        16.059	  1.050e-05 	
        16.078	  1.130e-05 	
        16.100	  1.120e-05 	
        16.119	  1.050e-05 	
        16.139	  1.060e-05 	
        16.159	  1.200e-05 	
        16.179	  1.170e-05 	
        16.199	  1.140e-05 	
        16.220	  1.120e-05 	
        16.238	  1.190e-05 	
        16.260	  1.220e-05 	
        16.278	  1.100e-05 	
        16.304	  1.180e-05 	
        16.320	  1.200e-05 	
        16.340	  1.220e-05 	
        16.360	  1.260e-05 	
        16.379	  1.270e-05 	
        16.399	  1.320e-05 	
        16.419	  1.430e-05 	
        16.438	  1.340e-05 	
        16.459	  1.400e-05 	
        16.479	  1.430e-05 	
        16.500	  1.370e-05 	
        16.520	  1.180e-05 	
        16.539	  1.070e-05 	
        16.559	  1.090e-05 	
        16.578	  1.070e-05 	
        16.599	  1.160e-05 	
        16.620	  1.120e-05 	
        16.639	  1.200e-05 	
        16.659	  1.160e-05 	
        16.678	  1.180e-05 	
        16.699	  1.170e-05 	
        16.718	  1.010e-05 	
        16.740	  1.080e-05 	
        18.002	  1.090e-05 	
        18.018	  1.030e-05 	
        18.039	  8.900e-06 	
        18.060	  1.050e-05 	
        18.078	  9.800e-06 	
        18.100	  1.230e-05 	
        18.118	  1.330e-05 	
        18.139	  1.250e-05 	
        18.160	  1.240e-05 	
        18.178	  1.200e-05 	
        18.198	  1.220e-05 	
        18.219	  1.140e-05 	
        18.240	  1.170e-05 	
        18.260	  1.230e-05 	
        18.278	  9.800e-06 	
        18.300	  1.020e-05 	
        18.319	  1.110e-05 	
        18.339	  1.110e-05 	
        18.359	  1.290e-05 	
        18.379	  1.140e-05 	
        18.400	  1.020e-05 	
        18.418	  1.080e-05 	
        18.440	  9.100e-06 	
        18.460	  1.090e-05 	
        18.478	  1.070e-05 	
        18.498	  1.080e-05 	
        18.520	  1.140e-05 	
        18.540	  1.120e-05 	
        18.558	  1.200e-05 	
        18.580	  1.090e-05 	
        18.600	  1.210e-05 	
        18.620	  9.900e-06 	
        18.640	  9.700e-06 	
        18.658	  1.050e-05 	
        18.679	  9.500e-06 	
        18.699	  1.120e-05 	
        18.719	  1.000e-05 	
        18.739	  9.100e-06 	
        18.760	  1.060e-05 	
        18.778	  1.180e-05 	
        18.799	  1.080e-05 	
        18.820	  9.300e-06 	
        18.839	  9.600e-06 	
        18.859	  1.070e-05 	
        18.879	  8.600e-06 	
        18.899	  1.050e-05 	
        18.920	  9.600e-06 	
        18.940	  1.090e-05 	
        18.960	  1.020e-05 	
        18.978	  1.130e-05 	
        20.242	  1.070e-05 	
        20.260	  1.000e-05 	
        20.279	  1.250e-05 	
        20.298	  1.210e-05 	
        20.319	  1.200e-05 	
        20.340	  1.080e-05 	
        20.360	  1.090e-05 	
        20.378	  1.180e-05 	
        20.398	  9.500e-06 	
        20.419	  1.130e-05 	
        20.440	  1.000e-05 	
        20.460	  1.270e-05 	
        20.478	  1.140e-05 	
        20.499	  1.120e-05 	
        20.519	  1.090e-05 	
        20.540	  1.250e-05 	
        20.560	  1.090e-05 	
        20.578	  1.040e-05 	
        20.600	  1.160e-05 	
        20.619	  1.040e-05 	
        20.640	  1.110e-05 	
        20.659	  1.040e-05 	
        20.678	  1.190e-05 	
        20.700	  1.000e-05 	
        20.719	  1.030e-05 	
        20.737	  1.050e-05 	
        20.759	  1.120e-05 	
        20.779	  1.120e-05 	
        20.800	  1.190e-05 	
        20.818	  1.050e-05 	
        20.842	  1.160e-05 	
        20.859	  1.220e-05 	
        20.878	  1.120e-05 	
        20.899	  1.080e-05 	
        20.918	  1.030e-05 	
        20.939	  1.070e-05 	
        20.959	  1.220e-05 	
        20.979	  1.090e-05 	
        21.000	  1.160e-05 	
        21.019	  1.200e-05 	
        21.039	  1.230e-05 	
        21.059	  1.120e-05 	
        21.078	  1.070e-05 	
        21.100	  1.070e-05 	
        21.119	  1.070e-05 	
        21.139	  1.050e-05 	
        21.158	  1.030e-05 	
        21.178	  1.160e-05 	
        21.200	  9.800e-06 	
        21.219	  1.070e-05 	
        22.480	  9.600e-06 	
        22.500	  1.000e-05 	
        22.520	  9.600e-06 	
        22.540	  1.150e-05 	
        22.559	  1.270e-05 	
        22.578	  1.310e-05 	
        22.598	  1.200e-05 	
        22.620	  1.180e-05 	
        22.639	  1.190e-05 	
        22.659	  1.300e-05 	
        22.679	  1.050e-05 	
        22.698	  1.090e-05 	
        22.719	  1.130e-05 	
        22.739	  1.210e-05 	
        22.759	  1.090e-05 	
        22.778	  1.090e-05 	
        22.798	  1.130e-05 	
        22.820	  1.180e-05 	
        22.839	  1.040e-05 	
        22.858	  9.900e-06 	
        22.878	  1.030e-05 	
        22.899	  1.050e-05 	
        22.920	  1.220e-05 	
        22.939	  1.080e-05 	
        22.959	  1.180e-05 	
        22.978	  1.150e-05 	
        23.000	  1.050e-05 	
        23.018	  1.050e-05 	
        23.039	  1.000e-05 	
        23.059	  1.120e-05 	
        23.078	  1.130e-05 	
        23.104	  1.190e-05 	
        23.119	  1.290e-05 	
        23.138	  1.250e-05 	
        23.158	  1.090e-05 	
        23.178	  1.110e-05 	
        23.199	  1.140e-05 	
        23.218	  1.050e-05 	
        23.238	  9.700e-06 	
        23.258	  1.100e-05 	
        23.279	  1.160e-05 	
        23.300	  1.070e-05 	
        23.318	  1.080e-05 	
        23.339	  1.050e-05 	
        23.358	  1.060e-05 	
        23.378	  9.700e-06 	
        23.400	  1.210e-05 	
        23.419	  1.090e-05 	
        23.439	  1.050e-05 	
        23.458	  1.030e-05 	
        24.721	  9.900e-06 	
        24.740	  9.000e-06 	
        24.759	  1.190e-05 	
        24.778	  1.060e-05 	
        24.799	  1.150e-05 	
        24.819	  1.140e-05 	
        24.840	  1.230e-05 	
        24.860	  9.500e-06 	
        24.878	  1.160e-05 	
        24.898	  1.260e-05 	
        24.919	  1.180e-05 	
        24.940	  1.160e-05 	
        24.959	  1.270e-05 	
        24.978	  1.140e-05 	
        24.998	  1.170e-05 	
        25.019	  1.090e-05 	
        25.037	  1.190e-05 	
        25.060	  1.000e-05 	
        25.078	  1.120e-05 	
        25.098	  1.110e-05 	
        25.119	  1.220e-05 	
        25.139	  1.260e-05 	
        25.159	  1.290e-05 	
        25.178	  1.110e-05 	
        25.199	  1.100e-05 	
        25.219	  1.220e-05 	
        25.240	  1.330e-05 	
        25.259	  1.180e-05 	
        25.278	  1.090e-05 	
        25.298	  1.200e-05 	
        25.319	  1.050e-05 	
        25.340	  9.200e-06 	
        25.358	  1.120e-05 	
        25.381	  1.020e-05 	
        25.399	  1.180e-05 	
        25.419	  1.200e-05 	
        25.439	  1.110e-05 	
        25.460	  1.180e-05 	
        25.479	  1.220e-05 	
        25.500	  1.150e-05 	
        25.519	  1.230e-05 	
        25.540	  1.160e-05 	
        25.559	  1.050e-05 	
        25.578	  9.300e-06 	
        25.600	  1.080e-05 	
        25.620	  9.600e-06 	
        25.638	  8.700e-06 	
        25.659	  1.050e-05 	
        25.678	  1.140e-05 	
        25.699	  9.800e-06 	
        26.981	  1.100e-05 	
        26.998	  1.190e-05 	
        27.018	  1.180e-05 	
        27.039	  1.120e-05 	
        27.060	  1.070e-05 	
        27.078	  1.060e-05 	
        27.098	  1.020e-05 	
        27.118	  1.180e-05 	
        27.139	  1.030e-05 	
        27.160	  1.230e-05 	
        27.178	  1.160e-05 	
        27.198	  1.180e-05 	
        27.219	  1.240e-05 	
        27.239	  1.070e-05 	
        27.260	  1.140e-05 	
        27.278	  1.160e-05 	
        27.299	  1.170e-05 	
        27.319	  1.180e-05 	
        27.339	  1.330e-05 	
        27.360	  1.120e-05 	
        27.378	  1.090e-05 	
        27.399	  1.050e-05 	
        27.420	  1.240e-05 	
        27.439	  1.320e-05 	
        27.460	  1.170e-05 	
        27.479	  1.180e-05 	
        27.500	  1.110e-05 	
        27.519	  1.230e-05 	
        27.538	  1.090e-05 	
        27.559	  1.200e-05 	
        27.578	  1.180e-05 	
        27.600	  1.260e-05 	
        27.620	  1.170e-05 	
        27.641	  1.270e-05 	
        27.658	  1.120e-05 	
        27.678	  1.160e-05 	
        27.700	  1.270e-05 	
        27.719	  1.160e-05 	
        27.740	  1.080e-05 	
        27.759	  9.800e-06 	
        27.779	  1.060e-05 	
        27.798	  1.110e-05 	
        27.820	  1.110e-05 	
        27.839	  1.070e-05 	
        27.860	  1.200e-05 	
        27.879	  1.060e-05 	
        27.900	  1.010e-05 	
        27.920	  1.100e-05 	
        27.939	  1.220e-05 	
        27.960	  1.310e-05 	
        29.202	  1.230e-05 	
        29.220	  1.120e-05 	
        29.240	  1.270e-05 	
        29.259	  1.270e-05 	
        29.278	  1.280e-05 	
        29.300	  1.230e-05 	
        29.319	  1.160e-05 	
        29.339	  1.360e-05 	
        29.359	  1.270e-05 	
        29.378	  1.130e-05 	
        29.398	  1.030e-05 	
        29.420	  1.220e-05 	
        29.440	  1.100e-05 	
        29.460	  1.110e-05 	
        29.478	  1.240e-05 	
        29.498	  1.340e-05 	
        29.520	  1.210e-05 	
        29.539	  1.200e-05 	
        29.560	  1.120e-05 	
        29.578	  1.210e-05 	
        29.599	  1.040e-05 	
        29.618	  1.010e-05 	
        29.639	  1.060e-05 	
        29.660	  1.140e-05 	
        29.678	  1.250e-05 	
        29.699	  1.200e-05 	
        29.719	  1.140e-05 	
        29.739	  9.700e-06 	
        29.760	  1.050e-05 	
        29.778	  1.110e-05 	
        29.799	  1.320e-05 	
        29.818	  1.000e-05 	
        29.839	  1.190e-05 	
        29.860	  1.150e-05 	
        29.878	  1.190e-05 	
        29.902	  9.600e-06 	
        29.919	  9.000e-06 	
        29.939	  8.900e-06 	
        29.959	  1.020e-05 	
        29.978	  1.050e-05 	
        30.000	  1.140e-05 	
        30.020	  1.000e-05 	
        30.038	  8.500e-06 	
        30.060	  1.020e-05 	
        30.078	  1.140e-05 	
        30.098	  1.030e-05 	
        30.119	  1.160e-05 	
        30.138	  1.090e-05 	
        30.158	  1.100e-05 	
        30.178	  1.030e-05 	
        31.541	  1.360e-05 	
        31.558	  1.390e-05 	
        31.578	  1.010e-05 	
        31.598	  9.600e-06 	
        31.619	  1.210e-05 	
        31.640	  1.270e-05 	
        31.658	  1.250e-05 	
        31.679	  1.230e-05 	
        31.698	  1.300e-05 	
        31.718	  1.290e-05 	
        31.740	  1.280e-05 	
        31.758	  1.100e-05 	
        31.779	  1.230e-05 	
        31.798	  1.170e-05 	
        31.820	  1.020e-05 	
        31.838	  1.090e-05 	
        31.858	  1.140e-05 	
        31.878	  9.800e-06 	
        31.899	  1.200e-05 	
        31.918	  9.800e-06 	
        31.938	  1.130e-05 	
        31.958	  1.050e-05 	
        31.978	  1.270e-05 	
        31.999	  1.200e-05 	
        32.018	  1.250e-05 	
        32.040	  1.110e-05 	
        32.058	  1.240e-05 	
        32.079	  1.010e-05 	
        32.100	  1.170e-05 	
        32.119	  1.110e-05 	
        32.140	  1.230e-05 	
        32.158	  1.220e-05 	
        32.181	  1.210e-05 	
        32.199	  1.200e-05 	
        32.218	  1.270e-05 	
        32.240	  1.310e-05 	
        32.260	  1.310e-05 	
        32.278	  1.150e-05 	
        32.300	  1.110e-05 	
        32.319	  1.220e-05 	
        32.339	  1.220e-05 	
        32.358	  1.250e-05 	
        32.379	  1.290e-05 	
        32.399	  1.280e-05 	
        32.420	  1.230e-05 	
        32.440	  1.130e-05 	
        32.460	  1.040e-05 	
        32.479	  1.090e-05 	
        32.498	  1.020e-05 	
        32.519	  1.010e-05 	
        33.801	  1.090e-05 	
        33.818	  1.230e-05 	
        33.839	  1.140e-05 	
        33.859	  1.100e-05 	
        33.878	  1.070e-05 	
        33.898	  1.070e-05 	
        33.918	  1.040e-05 	
        33.940	  1.080e-05 	
        33.959	  1.180e-05 	
        33.978	  1.140e-05 	
        33.998	  1.110e-05 	
        34.019	  1.290e-05 	
        34.039	  1.300e-05 	
        34.059	  1.200e-05 	
        34.079	  1.290e-05 	
        34.098	  1.360e-05 	
        34.118	  1.140e-05 	
        34.138	  1.120e-05 	
        34.160	  1.170e-05 	
        34.178	  1.000e-05 	
        34.199	  1.110e-05 	
        34.218	  1.220e-05 	
        34.240	  1.030e-05 	
        34.260	  1.190e-05 	
        34.278	  1.270e-05 	
        34.298	  1.100e-05 	
        34.318	  1.030e-05 	
        34.340	  9.300e-06 	
        34.360	  9.900e-06 	
        34.379	  1.010e-05 	
        34.400	  1.110e-05 	
        34.418	  9.300e-06 	
        34.442	  1.130e-05 	
        34.460	  1.090e-05 	
        34.478	  1.160e-05 	
        34.499	  1.100e-05 	
        34.518	  1.270e-05 	
        34.540	  1.180e-05 	
        34.560	  1.030e-05 	
        34.579	  1.090e-05 	
        34.600	  1.110e-05 	
        34.618	  1.140e-05 	
        34.638	  1.170e-05 	
        34.660	  1.160e-05 	
        34.678	  9.100e-06 	
        34.700	  8.800e-06 	
        34.719	  8.700e-06 	
        34.740	  1.070e-05 	
        34.760	  1.190e-05 	
        34.778	  9.100e-06 	
        36.141	  1.280e-05 	
        36.158	  1.230e-05 	
        36.177	  1.200e-05 	
        36.200	  1.120e-05 	
        36.218	  1.110e-05 	
        36.240	  1.210e-05 	
        36.259	  1.080e-05 	
        36.278	  1.200e-05 	
        36.298	  1.290e-05 	
        36.320	  1.090e-05 	
        36.340	  1.310e-05 	
        36.359	  1.140e-05 	
        36.377	  1.250e-05 	
        36.399	  1.150e-05 	
        36.420	  1.110e-05 	
        36.439	  1.180e-05 	
        36.459	  1.310e-05 	
        36.478	  1.260e-05 	
        36.500	  1.160e-05 	
        36.520	  1.300e-05 	
        36.540	  1.250e-05 	
        36.559	  9.700e-06 	
        36.578	  1.140e-05 	
        36.599	  1.070e-05 	
        36.619	  1.140e-05 	
        36.640	  1.240e-05 	
        36.658	  1.030e-05 	
        36.678	  1.180e-05 	
        36.702	  9.600e-06 	
        36.720	  1.050e-05 	
        36.740	  1.170e-05 	
        36.758	  1.140e-05 	
        36.779	  1.210e-05 	
        36.798	  1.080e-05 	
        36.820	  1.010e-05 	
        36.840	  1.070e-05 	
        36.858	  1.250e-05 	
        36.879	  1.250e-05 	
        36.899	  1.090e-05 	
        36.918	  1.190e-05 	
        36.938	  1.270e-05 	
        36.958	  1.300e-05 	
        36.978	  1.340e-05 	
        36.999	  1.270e-05 	
        37.019	  1.220e-05 	
        37.040	  1.150e-05 	
        37.058	  1.180e-05 	
        37.078	  1.160e-05 	
        37.098	  1.060e-05 	
        37.119	  1.180e-05 	
        38.381	  1.140e-05 	
        38.398	  1.320e-05 	
        38.420	  1.270e-05 	
        38.439	  1.240e-05 	
        38.459	  1.080e-05 	
        38.478	  1.040e-05 	
        38.499	  1.100e-05 	
        38.520	  8.800e-06 	
        38.539	  1.170e-05 	
        38.559	  1.060e-05 	
        38.578	  1.000e-05 	
        38.598	  1.000e-05 	
        38.620	  8.500e-06 	
        38.640	  1.250e-05 	
        38.660	  1.340e-05 	
        38.679	  1.180e-05 	
        38.698	  9.400e-06 	
        38.719	  9.200e-06 	
        38.739	  1.090e-05 	
        38.759	  1.160e-05 	
        38.778	  1.190e-05 	
        38.799	  1.150e-05 	
        38.818	  9.000e-06 	
        38.838	  1.160e-05 	
        38.858	  1.030e-05 	
        38.878	  9.000e-06 	
        38.899	  1.050e-05 	
        38.920	  1.070e-05 	
        38.938	  9.900e-06 	
        38.958	  9.100e-06 	
        38.981	  1.080e-05 	
        38.999	  1.240e-05 	
        39.020	  1.190e-05 	
        39.040	  9.600e-06 	
        39.059	  1.140e-05 	
        39.078	  9.400e-06 	
        39.099	  9.200e-06 	
        39.120	  9.800e-06 	
        39.139	  1.030e-05 	
        39.158	  1.140e-05 	
        39.179	  1.250e-05 	
        39.199	  1.000e-05 	
        39.219	  9.100e-06 	
        39.240	  9.400e-06 	
        39.259	  1.010e-05 	
        39.278	  1.110e-05 	
        39.299	  1.220e-05 	
        39.320	  1.180e-05 	
        39.340	  1.200e-05 	
        39.359	  1.000e-05 	
        40.621	  9.400e-06 	
        40.640	  1.130e-05 	
        40.660	  1.220e-05 	
        40.679	  1.000e-05 	
        40.700	  1.090e-05 	
        40.719	  1.180e-05 	
        40.740	  1.210e-05 	
        40.760	  1.130e-05 	
        40.778	  1.140e-05 	
        40.798	  1.220e-05 	
        40.820	  1.180e-05 	
        40.839	  1.080e-05 	
        40.858	  1.020e-05 	
        40.878	  1.110e-05 	
        40.898	  1.180e-05 	
        40.920	  1.130e-05 	
        40.940	  1.160e-05 	
        40.960	  1.140e-05 	
        40.978	  1.180e-05 	
        40.999	  1.000e-05 	
        41.020	  1.110e-05 	
        41.040	  1.000e-05 	
        41.059	  1.060e-05 	
        41.079	  1.140e-05 	
        41.099	  9.600e-06 	
        41.120	  1.110e-05 	
        41.140	  1.160e-05 	
        41.159	  1.220e-05 	
        41.178	  1.220e-05 	
        41.198	  1.170e-05 	
        41.219	  1.130e-05 	
        41.241	  1.170e-05 	
        41.259	  1.230e-05 	
        41.279	  1.020e-05 	
        41.299	  1.080e-05 	
        41.320	  1.140e-05 	
        41.338	  1.180e-05 	
        41.358	  1.160e-05 	
        41.379	  1.210e-05 	
        41.398	  1.120e-05 	
        41.420	  1.200e-05 	
        41.440	  1.170e-05 	
        41.458	  1.160e-05 	
        41.477	  1.230e-05 	
        41.498	  1.100e-05 	
        41.519	  1.180e-05 	
        41.539	  1.210e-05 	
        41.559	  1.080e-05 	
        41.578	  1.030e-05 	
        41.598	  1.120e-05 	
        42.880	  1.170e-05 	
        42.898	  1.140e-05 	
        42.919	  1.080e-05 	
        42.938	  1.000e-05 	
        42.959	  1.010e-05 	
        42.978	  9.400e-06 	
        42.999	  1.070e-05 	
        43.020	  1.240e-05 	
        43.039	  1.440e-05 	
        43.060	  1.320e-05 	
        43.078	  1.060e-05 	
        43.099	  1.180e-05 	
        43.119	  1.300e-05 	
        43.139	  1.230e-05 	
        43.159	  1.070e-05 	
        43.178	  1.300e-05 	
        43.198	  1.110e-05 	
        43.218	  1.170e-05 	
        43.239	  1.120e-05 	
        43.260	  1.310e-05 	
        43.279	  1.140e-05 	
        43.298	  1.250e-05 	
        43.319	  1.360e-05 	
        43.339	  1.220e-05 	
        43.360	  1.030e-05 	
        43.378	  1.110e-05 	
        43.400	  1.100e-05 	
        43.420	  1.270e-05 	
        43.439	  9.800e-06 	
        43.460	  1.080e-05 	
        43.478	  1.110e-05 	
        43.500	  1.090e-05 	
        43.520	  1.140e-05 	
        43.539	  1.150e-05 	
        43.559	  1.220e-05 	
        43.578	  1.120e-05 	
        43.599	  1.220e-05 	
        43.620	  1.230e-05 	
        43.640	  1.170e-05 	
        43.660	  1.200e-05 	
        43.678	  1.190e-05 	
        43.698	  1.210e-05 	
        43.720	  1.140e-05 	
        43.740	  1.200e-05 	
        43.760	  1.020e-05 	
        43.779	  1.100e-05 	
        43.799	  1.190e-05 	
        43.819	  1.150e-05 	
        43.839	  1.250e-05 	
        43.858	  1.270e-05 	
        45.121	  1.190e-05 	
        45.137	  1.190e-05 	
        45.160	  1.330e-05 	
        45.179	  1.300e-05 	
        45.200	  1.270e-05 	
        45.219	  1.010e-05 	
        45.236	  1.260e-05 	
        45.260	  1.410e-05 	
        45.278	  1.320e-05 	
        45.296	  1.010e-05 	
        45.319	  9.600e-06 	
        45.337	  1.190e-05 	
        45.360	  1.200e-05 	
        45.377	  1.240e-05 	
        45.400	  1.150e-05 	
        45.419	  1.090e-05 	
        45.439	  1.310e-05 	
        45.460	  1.230e-05 	
        45.478	  1.320e-05 	
        45.498	  1.230e-05 	
        45.519	  1.060e-05 	
        45.540	  1.360e-05 	
        45.560	  1.290e-05 	
        45.578	  1.250e-05 	
        45.599	  1.310e-05 	
        45.618	  1.270e-05 	
        45.640	  1.210e-05 	
        45.660	  1.070e-05 	
        45.677	  1.110e-05 	
        45.697	  1.030e-05 	
        45.718	  1.150e-05 	
        45.736	  1.180e-05 	
        45.760	  1.040e-05 	
        45.781	  1.290e-05 	
        45.800	  1.080e-05 	
        45.818	  1.270e-05 	
        45.836	  1.190e-05 	
        45.859	  1.280e-05 	
        45.877	  1.030e-05 	
        45.896	  9.800e-06 	
        45.918	  8.700e-06 	
        45.936	  9.700e-06 	
        45.960	  1.190e-05 	
        45.977	  1.120e-05 	
        46.000	  1.080e-05 	
        46.019	  1.210e-05 	
        46.036	  1.270e-05 	
        46.059	  1.280e-05 	
        46.076	  1.180e-05 	
        46.097	  1.120e-05 	
        47.360	  1.010e-05 	
        47.377	  1.120e-05 	
        47.398	  1.230e-05 	
        47.419	  1.200e-05 	
        47.437	  1.290e-05 	
        47.460	  1.330e-05 	
        47.477	  1.110e-05 	
        47.496	  1.290e-05 	
        47.517	  1.210e-05 	
        47.537	  1.170e-05 	
        47.558	  1.000e-05 	
        47.576	  1.030e-05 	
        47.599	  1.260e-05 	
        47.620	  1.160e-05 	
        47.636	  1.020e-05 	
        47.660	  1.090e-05 	
        47.676	  1.320e-05 	
        47.696	  1.130e-05 	
        47.719	  1.220e-05 	
        47.737	  1.260e-05 	
        47.760	  1.150e-05 	
        47.776	  9.500e-06 	
        47.800	  1.230e-05 	
        47.820	  1.200e-05 	
        47.836	  1.340e-05 	
        47.860	  1.170e-05 	
        47.877	  1.290e-05 	
        47.896	  1.320e-05 	
        47.920	  1.460e-05 	
        47.937	  1.230e-05 	
        47.960	  1.150e-05 	
        47.976	  1.140e-05 	
        48.000	  1.230e-05 	
        48.020	  1.180e-05 	
        48.041	  1.410e-05 	
        48.059	  1.200e-05 	
        48.077	  1.220e-05 	
        48.097	  1.230e-05 	
        48.120	  1.190e-05 	
        48.136	  1.120e-05 	
        48.160	  1.140e-05 	
        48.177	  1.220e-05 	
        48.200	  1.120e-05 	
        48.220	  1.010e-05 	
        48.236	  1.160e-05 	
        48.259	  1.220e-05 	
        48.277	  1.200e-05 	
        48.297	  1.400e-05 	
        48.318	  1.200e-05 	
        48.336	  1.090e-05 	
        49.602	  1.120e-05 	
        49.619	  1.140e-05 	
        49.637	  9.300e-06 	
        49.659	  1.050e-05 	
        49.677	  1.220e-05 	
        49.697	  1.190e-05 	
        49.719	  1.110e-05 	
        49.737	  9.100e-06 	
        49.759	  1.120e-05 	
        49.777	  1.190e-05 	
        49.798	  1.290e-05 	
        49.819	  1.110e-05 	
        49.837	  1.150e-05 	
        49.860	  1.150e-05 	
        49.877	  1.050e-05 	
        49.897	  1.120e-05 	
        49.918	  1.250e-05 	
        49.939	  1.040e-05 	
        49.958	  1.180e-05 	
        49.977	  1.220e-05 	
        50.000	  1.150e-05 	
        50.018	  1.250e-05 	
        50.037	  1.210e-05 	
        50.060	  9.300e-06 	
        50.077	  1.180e-05 	
        50.097	  1.120e-05 	
        50.119	  1.270e-05 	
        50.137	  1.320e-05 	
        50.157	  1.270e-05 	
        50.177	  1.140e-05 	
        50.200	  1.040e-05 	
        50.220	  1.120e-05 	
        50.236	  1.150e-05 	
        50.259	  1.270e-05 	
        50.277	  1.100e-05 	
        50.302	  1.080e-05 	
        50.319	  1.090e-05 	
        50.337	  1.090e-05 	
        50.360	  1.210e-05 	
        50.377	  1.210e-05 	
        50.400	  1.240e-05 	
        50.419	  1.270e-05 	
        50.440	  1.090e-05 	
        50.460	  9.300e-06 	
        50.477	  1.090e-05 	
        50.496	  1.090e-05 	
        50.519	  1.180e-05 	
        50.537	  1.270e-05 	
        50.560	  1.150e-05 	
        50.577	  1.060e-05 	
        51.842	  1.000e-05 	
        51.858	  1.030e-05 	
        51.877	  1.070e-05 	
        51.896	  1.270e-05 	
        51.918	  1.320e-05 	
        51.940	  1.150e-05 	
        51.959	  1.200e-05 	
        51.977	  1.110e-05 	
        51.997	  1.250e-05 	
        52.018	  1.220e-05 	
        52.037	  9.900e-06 	
        52.058	  9.800e-06 	
        52.077	  1.120e-05 	
        52.097	  1.200e-05 	
        52.119	  1.070e-05 	
        52.136	  1.140e-05 	
        52.158	  1.160e-05 	
        52.177	  1.180e-05 	
        52.197	  1.240e-05 	
        52.218	  1.070e-05 	
        52.236	  1.260e-05 	
        52.259	  9.400e-06 	
        52.277	  1.080e-05 	
        52.296	  1.200e-05 	
        52.319	  1.060e-05 	
        52.337	  1.210e-05 	
        52.358	  1.120e-05 	
        52.377	  1.090e-05 	
        52.397	  1.230e-05 	
        52.418	  1.230e-05 	
        52.437	  1.200e-05 	
        52.459	  1.320e-05 	
        52.477	  1.360e-05 	
        52.496	  1.210e-05 	
        52.519	  1.070e-05 	
        52.537	  1.250e-05 	
        52.560	  1.180e-05 	
        52.579	  1.230e-05 	
        52.597	  1.150e-05 	
        52.619	  1.110e-05 	
        52.637	  1.160e-05 	
        52.659	  1.220e-05 	
        52.677	  1.320e-05 	
        52.696	  1.280e-05 	
        52.718	  1.250e-05 	
        52.737	  1.090e-05 	
        52.759	  1.050e-05 	
        52.777	  1.170e-05 	
        52.796	  1.170e-05 	
        52.818	  1.250e-05 	
        54.078	  9.800e-06 	
        54.096	  1.160e-05 	
        54.119	  9.100e-06 	
        54.137	  1.220e-05 	
        54.159	  1.370e-05 	
        54.177	  1.070e-05 	
        54.196	  1.250e-05 	
        54.219	  1.150e-05 	
        54.236	  1.160e-05 	
        54.259	  1.020e-05 	
        54.277	  1.250e-05 	
        54.296	  1.340e-05 	
        54.318	  1.230e-05 	
        54.336	  1.150e-05 	
        54.359	  1.230e-05 	
        54.377	  9.600e-06 	
        54.397	  1.220e-05 	
        54.418	  1.090e-05 	
        54.437	  1.180e-05 	
        54.459	  1.310e-05 	
        54.477	  1.140e-05 	
        54.496	  1.330e-05 	
        54.519	  1.020e-05 	
        54.537	  1.240e-05 	
        54.559	  1.280e-05 	
        54.577	  1.090e-05 	
        54.597	  1.110e-05 	
        54.618	  1.250e-05 	
        54.637	  1.140e-05 	
        54.658	  1.290e-05 	
        54.677	  1.160e-05 	
        54.696	  1.250e-05 	
        54.719	  9.800e-06 	
        54.736	  1.190e-05 	
        54.759	  1.110e-05 	
        54.777	  1.090e-05 	
        54.796	  1.030e-05 	
        54.819	  1.160e-05 	
        54.842	  1.030e-05 	
        54.858	  1.070e-05 	
        54.877	  9.100e-06 	
        54.897	  1.200e-05 	
        54.919	  1.200e-05 	
        54.937	  1.120e-05 	
        54.958	  1.030e-05 	
        54.976	  1.160e-05 	
        54.997	  1.030e-05 	
        55.019	  1.030e-05 	
        55.037	  1.090e-05 	
        55.059	  1.150e-05 	
        56.342	  1.050e-05 	
        56.359	  1.220e-05 	
        56.377	  1.140e-05 	
        56.398	  1.270e-05 	
        56.418	  9.600e-06 	
        56.437	  1.110e-05 	
        56.459	  9.600e-06 	
        56.477	  9.800e-06 	
        56.498	  9.400e-06 	
        56.518	  1.000e-05 	
        56.537	  1.110e-05 	
        56.559	  1.220e-05 	
        56.577	  1.080e-05 	
        56.600	  1.070e-05 	
        56.619	  1.080e-05 	
        56.637	  1.170e-05 	
        56.659	  1.230e-05 	
        56.677	  1.230e-05 	
        56.699	  1.140e-05 	
        56.719	  1.220e-05 	
        56.737	  1.210e-05 	
        56.759	  1.240e-05 	
        56.777	  1.170e-05 	
        56.799	  1.230e-05 	
        56.819	  1.340e-05 	
        56.837	  1.220e-05 	
        56.858	  1.160e-05 	
        56.877	  1.110e-05 	
        56.899	  1.320e-05 	
        56.919	  1.230e-05 	
        56.937	  1.140e-05 	
        56.958	  1.210e-05 	
        56.977	  1.090e-05 	
        56.999	  1.220e-05 	
        57.018	  1.200e-05 	
        57.036	  1.210e-05 	
        57.058	  1.120e-05 	
        57.077	  1.100e-05 	
        57.101	  1.110e-05 	
        57.118	  1.150e-05 	
        57.137	  1.120e-05 	
        57.158	  1.200e-05 	
        57.177	  1.200e-05 	
        57.199	  1.220e-05 	
        57.218	  1.190e-05 	
        57.237	  1.180e-05 	
        57.258	  1.160e-05 	
        57.277	  1.140e-05 	
        57.299	  1.110e-05 	
        57.318	  1.120e-05 	
        58.679	  1.170e-05 	
        58.698	  1.120e-05 	
        58.720	  1.070e-05 	
        58.737	  1.210e-05 	
        58.759	  1.210e-05 	
        58.777	  1.140e-05 	
        58.798	  1.330e-05 	
        58.820	  1.070e-05 	
        58.837	  1.120e-05 	
        58.859	  1.170e-05 	
        58.877	  1.160e-05 	
        58.899	  1.180e-05 	
        58.919	  1.180e-05 	
        58.936	  1.060e-05 	
        58.959	  1.210e-05 	
        58.977	  1.070e-05 	
        58.998	  1.010e-05 	
        59.018	  9.100e-06 	
        59.037	  1.260e-05 	
        59.059	  1.120e-05 	
        59.077	  1.160e-05 	
        59.100	  1.280e-05 	
        59.118	  1.270e-05 	
        59.137	  1.150e-05 	
        59.159	  1.250e-05 	
        59.177	  1.100e-05 	
        59.200	  1.170e-05 	
        59.218	  1.110e-05 	
        59.237	  1.160e-05 	
        59.258	  1.220e-05 	
        59.277	  1.160e-05 	
        59.299	  1.180e-05 	
        59.320	  1.270e-05 	
        59.337	  1.200e-05 	
        59.360	  9.700e-06 	
        59.377	  1.270e-05 	
        59.398	  1.250e-05 	
        59.417	  1.160e-05 	
        59.437	  1.100e-05 	
        59.459	  1.090e-05 	
        59.477	  1.130e-05 	
        59.498	  1.170e-05 	
        59.517	  9.400e-06 	
        59.537	  1.160e-05 	
        59.559	  1.080e-05 	
        59.577	  1.230e-05 	
        59.599	  1.160e-05 	
        59.618	  1.020e-05 	
        59.637	  1.030e-05 	
        59.658	  1.220e-05 	
        61.021	  1.010e-05 	
        61.036	  1.020e-05 	
        61.058	  9.900e-06 	
        61.077	  1.200e-05 	
        61.098	  1.330e-05 	
        61.117	  1.260e-05 	
        61.136	  1.020e-05 	
        61.160	  1.220e-05 	
        61.177	  9.400e-06 	
        61.198	  8.700e-06 	
        61.217	  9.800e-06 	
        61.236	  1.200e-05 	
        61.260	  1.270e-05 	
        61.276	  1.230e-05 	
        61.298	  9.800e-06 	
        61.317	  1.120e-05 	
        61.336	  1.230e-05 	
        61.360	  1.160e-05 	
        61.377	  1.140e-05 	
        61.399	  1.140e-05 	
        61.417	  9.400e-06 	
        61.436	  1.000e-05 	
        61.459	  1.120e-05 	
        61.477	  1.250e-05 	
        61.499	  1.180e-05 	
        61.517	  1.230e-05 	
        61.537	  1.070e-05 	
        61.559	  1.110e-05 	
        61.576	  1.180e-05 	
        61.598	  1.100e-05 	
        61.617	  1.180e-05 	
        61.640	  1.130e-05 	
        61.659	  9.300e-06 	
        61.677	  1.210e-05 	
        61.698	  1.200e-05 	
        61.717	  1.230e-05 	
        61.737	  1.180e-05 	
        61.759	  1.170e-05 	
        61.777	  1.110e-05 	
        61.798	  1.200e-05 	
        61.817	  1.100e-05 	
        61.837	  1.050e-05 	
        61.859	  1.070e-05 	
        61.877	  1.020e-05 	
        61.898	  1.100e-05 	
        61.916	  1.050e-05 	
        61.937	  1.020e-05 	
        61.959	  1.060e-05 	
        61.977	  9.100e-06 	
        61.999	  1.290e-05 	
        63.260	  1.030e-05 	
        63.277	  1.090e-05 	
        63.299	  1.240e-05 	
        63.317	  1.110e-05 	
        63.336	  1.270e-05 	
        63.359	  1.180e-05 	
        63.377	  1.210e-05 	
        63.400	  1.160e-05 	
        63.417	  1.070e-05 	
        63.436	  1.140e-05 	
        63.460	  1.110e-05 	
        63.477	  1.140e-05 	
        63.498	  1.070e-05 	
        63.517	  9.800e-06 	
        63.537	  1.220e-05 	
        63.559	  1.200e-05 	
        63.577	  1.100e-05 	
        63.599	  1.080e-05 	
        63.617	  1.130e-05 	
        63.636	  1.220e-05 	
        63.659	  1.140e-05 	
        63.677	  1.110e-05 	
        63.699	  1.240e-05 	
        63.717	  1.090e-05 	
        63.737	  1.020e-05 	
        63.757	  1.290e-05 	
        63.776	  1.240e-05 	
        63.800	  1.170e-05 	
        63.817	  1.200e-05 	
        63.836	  1.200e-05 	
        63.857	  1.170e-05 	
        63.877	  1.090e-05 	
        63.902	  1.200e-05 	
        63.917	  1.230e-05 	
        63.936	  1.180e-05 	
        63.958	  1.250e-05 	
        63.977	  1.140e-05 	
        63.999	  1.130e-05 	
        64.019	  1.000e-05 	
        64.036	  1.120e-05 	
        64.060	  9.300e-06 	
        64.077	  1.030e-05 	
        64.098	  9.400e-06 	
        64.117	  8.900e-06 	
        64.136	  9.800e-06 	
        64.159	  8.600e-06 	
        64.177	  1.140e-05 	
        64.198	  9.400e-06 	
        64.217	  1.020e-05 	
        64.237	  8.500e-06 	
        65.519	  1.270e-05 	
        65.537	  1.280e-05 	
        65.557	  1.200e-05 	
        65.577	  1.280e-05 	
        65.600	  1.370e-05 	
        65.616	  1.340e-05 	
        65.636	  1.020e-05 	
        65.656	  1.110e-05 	
        65.677	  1.340e-05 	
        65.700	  1.110e-05 	
        65.717	  1.250e-05 	
        65.736	  9.300e-06 	
        65.757	  1.140e-05 	
        65.777	  1.150e-05 	
        65.800	  1.060e-05 	
        65.816	  1.380e-05 	
        65.836	  1.360e-05 	
        65.857	  1.050e-05 	
        65.876	  8.300e-06 	
        65.900	  1.250e-05 	
        65.916	  1.270e-05 	
        65.936	  1.180e-05 	
        65.957	  1.130e-05 	
        65.977	  1.030e-05 	
        66.000	  1.140e-05 	
        66.019	  1.270e-05 	
        66.036	  1.060e-05 	
        66.057	  1.210e-05 	
        66.077	  1.110e-05 	
        66.100	  1.360e-05 	
        66.117	  1.270e-05 	
        66.136	  1.180e-05 	
        66.161	  1.110e-05 	
        66.177	  1.220e-05 	
        66.200	  1.070e-05 	
        66.217	  1.180e-05 	
        66.236	  1.090e-05 	
        66.256	  1.020e-05 	
        66.276	  1.030e-05 	
        66.298	  1.070e-05 	
        66.317	  1.180e-05 	
        66.337	  1.090e-05 	
        66.357	  1.000e-05 	
        66.377	  8.900e-06 	
        66.400	  1.160e-05 	
        66.417	  1.180e-05 	
        66.436	  1.160e-05 	
        66.457	  1.140e-05 	
        66.477	  1.200e-05 	
        66.498	  1.140e-05 	
        67.760	  1.250e-05 	
        67.776	  1.210e-05 	
        67.799	  1.060e-05 	
        67.816	  1.110e-05 	
        67.836	  1.170e-05 	
        67.857	  1.190e-05 	
        67.876	  1.340e-05 	
        67.899	  1.020e-05 	
        67.917	  1.110e-05 	
        67.936	  1.250e-05 	
        67.957	  1.030e-05 	
        67.976	  9.100e-06 	
        67.999	  1.000e-05 	
        68.020	  1.250e-05 	
        68.036	  1.030e-05 	
        68.057	  9.800e-06 	
        68.077	  1.000e-05 	
        68.099	  8.200e-06 	
        68.117	  9.300e-06 	
        68.136	  9.100e-06 	
        68.157	  1.070e-05 	
        68.177	  1.130e-05 	
        68.199	  1.120e-05 	
        68.216	  1.170e-05 	
        68.237	  1.290e-05 	
        68.257	  1.110e-05 	
        68.276	  1.210e-05 	
        68.300	  1.220e-05 	
        68.316	  1.050e-05 	
        68.336	  1.050e-05 	
        68.357	  9.300e-06 	
        68.377	  1.220e-05 	
        68.400	  1.170e-05 	
        68.416	  9.900e-06 	
        68.440	  1.220e-05 	
        68.457	  1.140e-05 	
        68.477	  1.300e-05 	
        68.500	  1.040e-05 	
        68.517	  1.180e-05 	
        68.537	  1.120e-05 	
        68.557	  1.170e-05 	
        68.577	  1.050e-05 	
        68.600	  1.210e-05 	
        68.616	  1.000e-05 	
        68.636	  1.170e-05 	
        68.656	  1.170e-05 	
        68.677	  1.030e-05 	
        68.698	  1.110e-05 	
        68.717	  1.140e-05 	
        68.737	  1.260e-05 	
        69.900	  1.180e-05 	
        69.916	  1.300e-05 	
        69.937	  1.240e-05 	
        69.957	  1.160e-05 	
        69.976	  1.140e-05 	
        69.998	  1.160e-05 	
        70.016	  9.600e-06 	
        70.037	  1.030e-05 	
        70.056	  1.090e-05 	
        70.077	  1.030e-05 	
        70.099	  9.900e-06 	
        70.116	  1.010e-05 	
        70.137	  1.180e-05 	
        70.157	  1.110e-05 	
        70.176	  1.210e-05 	
        70.200	  1.290e-05 	
        70.216	  1.200e-05 	
        70.236	  1.070e-05 	
        70.257	  1.090e-05 	
        70.277	  1.070e-05 	
        70.300	  1.250e-05 	
        70.317	  1.190e-05 	
        70.336	  1.230e-05 	
        70.357	  1.030e-05 	
        70.376	  1.110e-05 	
        70.399	  1.110e-05 	
        70.417	  1.110e-05 	
        70.437	  1.130e-05 	
        70.457	  1.030e-05 	
        70.476	  1.140e-05 	
        70.500	  1.220e-05 	
        70.517	  1.200e-05 	
        70.536	  1.110e-05 	
        70.556	  1.160e-05 	
        70.576	  1.000e-05 	
        70.600	  1.060e-05 	
        70.617	  9.400e-06 	
        70.637	  1.180e-05 	
        70.657	  1.290e-05 	
        70.676	  1.250e-05 	
        70.702	  1.110e-05 	
        70.716	  1.120e-05 	
        70.737	  9.500e-06 	
        70.757	  9.800e-06 	
        70.776	  1.070e-05 	
        70.800	  1.090e-05 	
        70.817	  1.140e-05 	
        70.836	  1.290e-05 	
        70.857	  1.250e-05 	
        70.876	  1.180e-05 	
